448514,977
346115,1218
299013,784
929798,619
849927,888
1394697,618
45066,1017
15001613,326
2324495,617
667667,1389
3254293,616
4515863,552
112665,1015
71706,1089
1919005,422
745503,648
5113889,615
247845,594
110630,1063
6043687,614
434217,1167
397358,1197
2777135,527
1087541,1076
643126,544
247863,1010
268345,792
49210,1107
690235,471
567358,460
292929,1004
403522,448
3772483,864
596037,1196
274505,1274
964689,543
22610,1564
2562131,697
383061,994
102486,1192
73815,1106
194649,1269
303195,668
14411869,488
14430,1139
428127,979
1325155,971
170085,1386
17201263,368
1585265,443
993395,1195
32890,1537
6270,1580
510081,673
387205,1059
116870,1216
1607815,542
182410,997
354445,766
6678671,3
233618,479
698523,846
1966237,573
1390753,1194
82082,804
327845,1418
338086,568
114855,1306
2398377,350
28842,1508
870573,871
59570,1072
1988787,408
49335,1536
94395,1224
2250941,541
7710911,410
4290,1598
676039,1479
1005771,455
923853,398
608465,1056
4321493,1146
51414,777
3621079,357
432345,449
542938,956
350427,478
438495,548
63714,485
477411,1047
2965735,413
5454059,942
454894,1165
1630447,698
1530098,822
123123,803
796917,564
350455,1293
1110265,1180
760058,540
1558779,612
2185469,1193
344318,751
2488577,621
116994,914
2310,9
444686,664
278806,1367
1839383,657
1964315,1148
1732895,966
9828643,341
14630,1578
190762,1392
4423979,826
2068781,1040
135470,1247
127281,1435
24882,1469
8415539,818
168245,1503
2369851,1354
115005,795
55614,1273
270655,1100
719169,892
940355,1042
713031,579
133455,603
209235,1006
74074,1132
985435,703
4180319,536
151905,769
201058,1093
682341,1164
282982,667
913767,695
1050985,1027
35178,807
721259,1414
19224941,367
711022,624
334191,764
2105719,625
319865,1094
1263994,829
3453307,557
3035517,373
10626,1545
2873731,553
3529097,948
643467,907
70035,1405
205205,802
627095,706
881049,644
5513629,853
2400671,865
418209,1366
80290,932
1315237,1183
266662,1257
72105,1506
352682,720
1151403,423
852397,1410
194990,913
231855,678
223665,922
3774901,1172
18870,1129
659895,400
414141,472
1130942,835
3508673,854
209346,430
395715,876
674245,728
45510,486
5466571,531
1272271,587
141778,768
268755,709
795093,972
563673,1185
66010,744
154077,1400
5235167,384
682465,909
1503717,856
6630,1590
506345,1049
70122,1217
545259,589
418285,1084
90610,790
7971317,935
1186294,415
66045,1126
176638,927
143871,1324
6109697,525
1344005,1159
168454,1302
111111,1131
324105,584
4569617,1151
291346,755
301587,1092
756245,581
1198615,891
2859545,390
16926,1347
492063,917
1188385,578
139810,601
2449955,434
9945637,817
1604135,950
11020841,489
2163242,338
363055,737
121394,1395
2097715,945
51765,1460
160310,725
2052665,554
1221185,425
25911877,323
864838,840
98890,1222
447051,1241
1714765,866
158286,878
90706,1311
1137235,1163
9722453,382
361046,463
2593367,881
1829465,842
29274,800
6369883,431
410205,632
78430,1278
21090,1109
18387557,332
23142,1442
129642,586
62062,1341
776815,1077
57970,1333
225910,654
399993,1256
5059195,372
529023,719
572033,1483
993922,535
1458821,713
385671,1210
731786,844
760461,903
873103,1379
463505,756
565915,1034
1696413,834
39585,1470
920227,1080
23205,1587
15015,8
3175081,417
2730,1599
199342,785
1043119,1239
498355,783
369334,875
1733303,1249
1983163,886
330429,1291
107198,1305
303807,1050
17094,1142
99015,743
58058,1466
14209739,375
2292433,712
1495762,387
305877,1266
195286,1005
33495,1474
957145,629
2890459,656
4152029,412
4830,1547
293601,598
129766,1270
711399,987
217833,738
285418,980
135915,789
1678061,890
348910,429
1231599,555
9546481,327
1739507,646
97014,1039
1508087,1355
1663739,577
264957,926
578305,591
252681,1301
262922,1083
336651,722
9325327,490
49938,689
488215,1003
76570,1307
437019,754
62238,742
1325858,409
226083,1321
9104173,496
3230513,641
670514,456
209715,600
207669,1219
13110,1512
170810,1191
899899,1208
4614973,943
3244863,337
1592129,1162
183106,683
1110854,529
189255,928
1774409,901
217930,898
111435,1490
531278,565
574287,630
2507601,380
1039186,613
7351123,830
1504085,626
35670,690
236379,1426
164703,1275
6095713,936
56166,1070
346983,592
3959657,691
1360749,419
148335,1221
316274,652
3887989,526
45942,1308
951159,444
7082873,371
136059,1310
705405,364
76670,796
707455,665
541569,462
762755,894
109446,998
295815,474
820105,916
88970,604
299915,772
117645,1277
21390,1283
1471379,1026
1569685,559
101270,770
150423,1429
1074073,999
609178,696
35742,1073
2419615,394
97185,1312
93093,1340
693158,968
86955,1332
1164205,845
8145839,502
338865,653
465842,701
1518517,467
23184311,324
771001,1289
25530,1074
394174,705
66495,1342
1708993,1075
289731,1481
48070,1507
658378,363
1450955,870
975821,1364
9442259,523
3314645,407
166870,481
3910621,620
46046,1535
179170,710
375782,1186
11897831,334
7703531,497
107502,711
713713,1264
363506,590
324597,676
44022,1404
1676285,454
44030,1127
2032639,1174
31746,1135
672771,976
2788357,900
246790,961
1569799,974
429065,731
1143818,392
2915341,969
979982,436
1924111,1021
3812369,964
408595,1484
72726,1263
5157911,937
488474,427
1659931,985
160797,1304
6951967,825
474145,1243
795685,1046
416806,716
881705,718
48174,933
87087,1465
298034,1242
1313845,658
185402,758
2243643,386
226366,1036
179265,1087
9282,1589
1328195,563
1834053,355
533577,1032
6460493,530
187473,1495
13398,1476
4121689,437
257114,1211
2827355,833
85085,7
54366,791
605283,447
523365,428
154734,466
74865,1280
453747,582
33915,1563
220286,1292
140415,1068
4756609,836
1258629,946
312455,1494
1152141,639
203918,1267
20550799,331
580754,1177
195734,599
474266,988
1418395,458
2245789,949
124062,1171
4279457,353
70818,1014
1103011,1250
1008805,446
967846,396
527527,1319
466089,1078
224434,723
1023155,545
437437,1493
150722,1322
2426053,965
449735,1111
175305,1215
138446,1220
273615,996
111826,1516
703703,1090
1985753,457
13530,815
5934299,491
85215,1500
525538,660
2561251,841
1666281,528
109802,1276
1920235,638
161007,793
38130,606
1148147,915
376142,1044
10010,1596
61845,1315
507129,567
634106,445
441595,925
5610,1594
6724861,352
470270,365
7854,1593
13090,1592
1522945,694
154882,1061
19635,1591
15470,1588
14586,1586
58630,806
289478,1168
36465,1584
34034,1583
51051,1582
89355,1071
3990,1581
8778,1579
118030,1013
421135,1300
42978,1433
7410,1576
10374,1575
17290,1574
25935,1573
16302,1572
64790,1313
27170,1571
629629,1110
1379609,702
38038,1569
115995,1103
57057,1568
95095,1567
144670,1053
9690,1566
13566,1565
21318,1562
35530,1561
3194147,1173
53295,1560
49742,1559
175398,550
74613,1558
393965,1425
25194,1556
44330,1343
824619,1023
41990,1555
728365,753
17710,1544
62985,1554
58786,1553
88179,1552
103730,741
902451,627
146965,1551
5270837,508
92378,1550
138567,1549
230945,1548
140998,1447
328042,918
7292219,405
8970,1542
1072445,906
46398,1105
12558,1541
20930,1540
31395,1539
19734,1538
69069,1534
115115,1533
11730,1532
16422,1531
7220551,524
27370,1530
2688329,637
41055,1529
42315,1345
25806,1528
43010,1527
132430,760
2608463,984
64515,1526
60214,1525
90321,1524
150535,1523
30498,1522
50830,1521
76245,1520
2442583,1178
76038,1373
106743,1518
566618,889
177905,1517
167739,1515
279565,1514
391391,1513
18354,1511
30590,1510
1416545,887
9570,1477
45885,1509
107338,794
100947,1504
75110,1016
8521063,851
34086,1502
5408105,336
497002,649
2295147,821
56810,1501
189805,1454
165230,595
3116399,885
79534,1499
119301,1498
198835,1497
124982,1496
44574,1492
11130229,370
74290,1491
1140087,539
104006,1489
1039737,967
89466,924
156009,1488
962481,951
4816253,879
260338,1288
224315,1448
193154,1482
310155,1169
269698,730
3282307,938
1501423,905
22330,1475
355718,1033
4179335,379
11310,1473
3089801,572
28014,1407
6516107,852
26390,1471
41470,1468
255374,995
62205,1467
145145,1464
14790,1463
167314,1086
1111443,883
20706,1462
667029,663
34510,1461
32538,1459
54230,1458
8215961,824
81345,1457
75922,1456
113883,1455
591261,704
38454,1453
845215,566
64090,1452
96135,1451
302498,583
89726,1450
250705,1428
245157,1485
7590,1546
211497,1446
352495,1445
493493,1444
93610,1069
374187,1381
16530,1443
2622893,438
839086,947
2162095,838
38570,1441
413105,1009
57855,1440
2395835,510
60610,1438
11615669,340
90915,1437
84854,1436
212135,1434
21945,1577
71630,1432
107445,1431
100282,1430
134589,1449
32190,1018
939455,1184
157586,1427
4238785,492
15810,1338
124355,1557
551551,1424
933317,1254
1598918,351
56202,1423
93670,1422
140505,1421
131138,1420
1062347,5
196707,1419
226765,1309
206074,1417
309111,1416
515185,1415
243542,1413
122322,983
1234387,717
365313,1412
4091349,329
608855,1411
902615,461
1339481,1409
34782,1334
15834,1472
46690,1406
472719,1252
908765,588
615902,399
86710,1397
102718,1401
73185,798
256795,1399
638435,993
52026,1398
1621477,1374
288230,450
110055,1402
130065,1396
182091,1394
292330,549
303485,1393
286143,1391
476905,1390
68034,1388
113390,1387
158746,1385
238119,1384
3570,1595
286195,1114
249458,1382
623645,1380
294814,1378
442221,1377
737035,1376
284487,1244
71162,1519
126730,1372
190095,1371
177422,1370
144894,571
203870,982
443555,1368
697015,1365
329498,1363
779779,762
494247,1362
613893,546
823745,1361
1881607,1158
1153243,1360
370185,960
1164605,699
2956811,1157
430882,1358
646323,1357
36366,1439
1715727,391
6510,1353
14061073,333
77330,1104
1551891,359
172938,451
1469973,435
32718,780
128535,775
23870,1350
3958297,832
35805,1349
162393,1101
28210,1346
460317,1001
239134,1189
1297257,839
155155,1339
1357345,954
601634,628
4003363,389
22134,1337
3501605,499
36890,1336
1404455,574
55335,1335
650793,469
20010,1408
81158,1331
121737,1330
554001,874
202895,1329
41106,1328
68510,1327
3429937,433
282162,366
102765,1326
305102,896
159285,483
118326,476
1895991,828
239785,1323
5830201,858
561782,576
18942,814
376805,1320
9194537,377
17670,1318
24738,1317
41230,1316
396865,1383
1222702,356
5715523,609
1242505,647
482885,1480
69190,1124
257439,732
1900283,953
5596213,348
222794,765
2197559,558
8833081,607
5389901,432
2838143,513
273470,633
404547,729
3387461,393
267995,1303
177045,1012
3159985,827
871131,1176
216070,585
278103,757
2597965,611
196185,684
7770,1144
60078,1298
100130,1297
3825245,820
150195,1296
10866271,376
140182,1295
210273,1294
740962,884
4992611,635
340054,674
2055781,642
587366,645
256215,1190
6892633,503
851037,459
34410,934
768094,640
54834,1099
6818915,328
163438,1486
3997295,349
390507,1287
1900145,538
767602,424
120435,931
650845,1286
911183,1285
15990,811
1431859,1284
1893749,747
29946,1282
439930,401
49910,1281
100122,482
745085,1240
276094,473
4933247,859
3056755,354
1205113,748
263810,877
697697,782
92690,1272
292485,912
139035,1271
324415,1268
2242385,861
23370,781
10392967,346
121210,1262
53382,605
1404557,989
2727566,330
2686607,421
181815,1261
1316497,1041
169694,1260
254541,1259
424235,1258
126170,929
48790,799
666655,1255
1787026,345
2750041,1147
73370,1403
17729179,325
787865,1251
521885,919
189658,1245
2132123,693
81282,1248
11269793,403
790685,650
1111715,662
119966,774
2460563,1153
203205,1246
2543271,493
627874,561
1031849,1375
95914,1325
1539755,397
518259,958
479446,893
409262,547
698763,700
457765,681
625209,715
1232777,1235
245427,1213
690897,1232
1151495,1231
179894,1113
1612093,1230
2506195,855
26970,1227
85690,776
212667,767
37758,1226
62930,1225
306878,1002
3478727,532
103785,1123
409045,1212
208754,921
2023678,374
850135,672
171717,1115
433862,470
923335,873
91698,1207
6524617,411
444106,1182
475354,580
152830,1206
229245,1205
106190,484
317135,786
213962,1204
320943,1203
534905,1202
274659,682
336226,1201
504339,1200
840565,1199
1176791,1198
1084655,468
15189721,339
164082,634
2680539,344
3354169,509
14535931,2
122590,735
2993887,1228
358701,1188
642785,1209
67298,1505
2100963,500
1253206,507
54530,779
130790,685
564213,1043
1028859,867
2031337,869
20202,1138
1267435,902
666159,1181
179949,773
83694,1008
1406703,940
1554371,1179
1779441,414
41514,1125
941811,560
250305,480
206770,1170
24310,1585
4640503,406
723695,1166
1451769,395
732711,426
323323,6
83230,688
641654,952
46002,797
537602,1161
806403,1160
1879809,506
703018,1156
1054527,1155
474411,651
1757545,1154
1190189,671
3866599,1152
785726,1150
1178589,1149
315146,1253
3139339,860
5107219,1145
3739405,385
197210,475
1812239,1359
28490,1141
42735,1140
540995,675
386835,464
33670,1137
589589,1299
263958,402
50505,1136
52910,1134
79365,1133
1695514,494
4075291,880
216398,677
165242,1011
185185,1130
122655,1117
457653,895
269841,1112
163618,1214
60762,771
96866,1122
145299,1121
242165,1120
92742,680
1034594,360
376257,707
202538,1051
313131,920
13005833,816
4902247,498
114478,1116
2346799,453
2219371,442
584045,477
26418,1128
40755,1570
29526,1108
1645945,361
460598,1233
135546,655
516477,750
108262,1102
12090,1348
550715,1290
91390,1098
1437501,511
3026933,837
1019711,752
127946,1096
191919,1095
1400642,501
502645,1091
202130,669
1937221,1234
145222,739
943943,727
3687827,452
190281,787
821066,556
597835,1187
119510,1088
6754709,608
250971,1085
5355343,819
889295,1031
1290065,517
241490,570
788307,659
394383,1082
1245013,1030
749398,441
713545,978
8610,10
310726,1079
4386221,504
1216347,515
20910,801
987567,362
81795,778
11905457,495
99138,596
31367009,1
257890,465
509795,1265
1777555,622
66378,1064
165945,1062
1113959,1045
232323,1060
121278,670
81770,1118
2660203,537
243386,1058
1451885,1175
365079,1057
1003255,990
86802,1054
217005,1052
22386,810
339549,1035
318274,1048
2586485,358
6006,1597
489335,597
161690,1038
4989413,416
242535,1037
420394,1029
630591,1028
137085,1097
958334,512
549746,1024
1374365,1022
1185665,986
3023603,1020
8226691,383
3573349,1019
4224517,636
126854,788
409479,910
139490,1007
87945,805
382858,631
851851,1055
767195,1000
424473,666
305805,981
601953,991
199578,850
1859473,562
810898,516
7571347,335
1066533,623
266133,1369
401302,992
774039,518
498945,848
657305,1081
231322,593
1121285,975
1671734,381
6290999,388
907166,420
3637151,610
530062,973
1855217,970
240465,724
937802,941
148074,962
2484805,533
49062,1119
345506,959
863765,957
2533289,1229
183885,734
880555,1236
814407,955
124845,687
83886,602
260015,1487
1873495,439
1556401,661
12210,1143
1042015,714
79458,761
552885,520
75702,930
4505527,963
171626,733
556985,763
516026,519
2344505,939
13153907,369
5851069,378
860795,749
28290,746
149110,923
8794049,347
37310,809
1490883,534
78474,686
26565,1543
59334,1223
272986,911
428978,908
55965,808
6090,1478
155595,740
506974,904
528333,1237
368590,521
3350479,692
130758,899
326895,897
47058,1279
327635,1065
39606,745
1077205,1356
1852405,882
580382,872
685906,868
896954,863
38874,1314
1345431,862
1002478,857
332630,849
352222,1238
465682,847
2027245,514
2936801,944
221154,522
1097679,843
362235,569
196581,1066
26598,1344
2312167,1025
1124097,440
6220181,831
2267915,418
10743949,823
31570,813
47355,812
131054,1067
3133015,505
8618077,404
5336929,551
14322,1351
4467565,343
16107383,487
198645,759
10230,1352
73554,736
96186,726
561085,721
250838,708
842673,575
154570,679
2800733,4
1468415,643
6254591,342
5783557,2836
57350,5589
32775,5694
11386889,2754
24240143,3988
647185,3536
614422,4504
1015835,4728
827421,3816
745503,6511
1032226,3671
8228,3255
7888933,2517
16422,7394
1761319,4462
434217,7030
655402,1801
16428,2720
85147693,179
131118,3535
2777135,6390
48,166
48037937,16
1548339,3670
1818677,4750
24633,5918
49210,6970
20922427,3603
65596,3009
3170366,1647
983103,1800
24642,2709
196677,2584
21946439,3566
72,322
9035849,4306
24650,5679
80,165
2359379,5144
2580565,3669
73815,6969
21209177,3331
98394,4341
8699995,3553
98397,2914
41055,7392
5644387,3621
188518,5125
401511,1932
3424361,83
108,310
5824621,3876
41070,3765
9896047,2497
112,164
327795,3533
3612791,3668
120,2467
32890,7400
155771,3124
4219007,4528
1433729,3106
57475,3232
8325,3294
147591,2998
98441,119
8330,5514
3702923,4067
3621005,2630
2203791,3467
106641,3139
41106,7191
1933459,2879
163990,4340
57498,3764
163995,4193
1966237,6436
917662,4444
458913,3531
24738,7180
295075,5594
327845,7281
65702,4632
114855,7169
168,2466
3276971,2036
8364,6010
7979183,2746
176,163
16562,3182
180,3325
49335,7399
32955,2135
98494,2158
16575,5728
581825,2693
41154,2005
4358341,4870
3973319,4274
200,321
28713161,3382
4153546,1686
172235,5388
16588,6120
1605837,3693
208,162
262353,3971
229586,4338
131285,5216
3621079,6220
229593,4191
475354,6443
336091,235
6709469,2657
8415,5951
245985,4339
139490,6870
3047653,2556
2965735,6276
3137771,4027
73964,2596
1376493,4443
1630447,6561
16625,2318
90354,3761
418035,3899
8436,6050
1302775,2568
2760953,2770
147706,5035
663803,5414
252,3324
721149,3528
1114366,1735
5161217,2846
8450,3193
264,2464
6725897,240
24843,3181
1368334,3374
272,161
4260113,1793
13590803,4646
1687829,5153
278806,7230
280,2465
917785,5093
876826,4655
598299,4358
147741,2157
106782,3755
4309279,4704
8773921,3661
401698,3944
852267,2543
300,3314
41262,4415
622895,3750
304,160
1433905,4113
24882,7332
5538101,2933
729399,3922
312,2461
16698,5270
344379,4337
115005,6658
1515839,1985
9806147,3655
713031,6442
4710729,1695
360778,4335
6930763,3401
8526,5469
1655121,3634
65875,2294
360789,4188
74074,6995
16731,3201
213342,3865
336226,7064
639331,4601
5570917,1788
491878,4724
3268967,2867
156009,7351
328042,6781
721259,7277
8556,6080
1843565,4243
368,159
983411,2958
508277,5336
139638,3745
409975,2987
319865,6957
378,2400
1040763,2752
303485,7256
8575,284
10682755,1628
5898629,2547
426374,4331
11870599,3648
8584,2414
33530251,3767
396,3323
6226319,1782
2343314,1660
426387,2873
405,153
3817879,4886
408,2457
98716,6030
377245,1997
2400671,6728
418209,7229
156066,3730
420,6185
8613,2370
131495,4850
1024426,3810
115115,7396
852397,7273
98735,5433
8625,2313
106930,4744
1999283,5100
25012,3206
1245621,3499
65975,5681
440,2463
6791609,2666
246202,4555
33212,3088
41405,3180
1130942,6698
2048449,4975
450,3303
456,2452
49610,5139
464,158
30663121,3338
729554,3422
696787,4983
468,3322
795093,6835
25047,3242
1196506,3688
246235,2156
8670,4865
5235167,6247
7537123,1775
4989413,6279
2073065,1856
197098,4775
9781739,2507
14967277,2616
541167,4334
496,157
66033,5885
82418,2896
500,298
7971317,6798
385526,4788
188922,3709
33275,272
66045,6989
41470,7331
17023487,1649
172546,5200
23437829,205
520,2460
16905,5488
33292,5990
320013,2810
15999503,3604
1507857,3478
26280467,3776
41492,5996
590359,5127
1196569,2159
147994,3978
16926,7210
492063,6780
1188385,6441
139810,6464
2449955,6297
8740,6134
9945637,6680
6832679,3614
552,2446
3211817,4441
2163242,6201
66092,5980
320045,2971
33327,3004
1114673,4791
74290,7354
2097715,6808
1671734,6244
567,152
107065,5473
623162,4320
1221185,6288
229957,3057
33350,5668
49735,2239
639561,4330
98890,7085
1483339,5115
588,3292
66125,291
49742,7422
2769487,2651
592,156
594,2398
8788,262
361046,6326
16983,2351
4940377,4877
82522,2167
3514971,1659
115292,5969
410205,6495
3531359,4150
9503329,1767
541282,3486
737891,2684
612,3321
959077,2975
41574,4920
1049191,5224
616,2462
25194,7419
57967,282
5972593,3491
57970,7196
1245811,4571
19096181,1700
630,5965
2785915,1733
17020,6043
238206,3681
27566719,2502
1786499,2771
1458821,6576
3809927,2669
33418,5438
10158731,42
7848589,3430
25230,4205
885391,97
656,155
660,6184
5841557,2008
369303,4554
344729,2155
49818,4610
1901211,3450
1696413,6697
3154591,2877
3662497,4782
675,309
156325,3184
23716519,3821
680,2456
631465,4813
254634,3645
500395,4180
684,3320
3637933,65
74415,5138
754354,1903
369334,6738
697015,7228
696,2439
21160633,3559
1983163,6749
700,3313
702,2395
303807,6913
2302658,2621
17094,7005
1794759,3687
2032329,3414
58058,7329
6316751,1825
8918,2263
9855703,1661
728,2459
1663705,4288
287451,2582
16999133,1812
82654,4849
803551,2976
1147619,3024
8932,6124
262885,5375
1516262,1669
1999591,2022
744,2431
344810,4039
123627,2895
393965,7288
750,2335
3023603,6883
33524,3153
2188021,1973
49910,7144
1508087,7218
760,2451
66233081,168
18457339,1874
836349,4325
5784321,3334
18129667,3573
42599173,181
12124937,1758
262922,6946
336651,6585
780,6181
41745,5268
49938,6552
1639187,5194
82708,6066
172822,4820
4883223,3563
3457817,2550
394010,3819
4031261,4712
25375,2305
926497,5202
90915,7300
25382,2224
221991,3977
1852201,2038
33579,5792
25389,5873
303918,1741
762671,4796
9009,5956
49972,2826
18809653,2733
656183,2170
901945,4333
828,3319
2655037,4031
3244863,6200
1778498,2511
189255,6791
713545,6841
66378,6927
6447947,4021
25420,5983
2368333,2964
58190,4420
574287,6493
2507601,6243
2425683,3369
33620,2598
828245,2674
17238,5075
934743,4319
664411,3111
13435741,1748
164703,7138
6095713,6799
5047141,4440
951142,4313
336743,111
3646313,4705
533355,3863
1360749,6282
148335,7084
893809,5372
549746,6887
9075,3236
74613,7421
2204534,1762
951159,6307
888,2422
3900281,1732
891,151
705405,6227
1229695,4722
541569,6325
164738,2566
951171,1862
508805,2883
336774,3600
123783,2166
820105,6779
17290,7437
2532235,1790
3744653,4455
680846,4459
361361,4626
17298,2819
811923,3485
41876,3087
918,2391
7218071,3826
920,2445
1074073,6862
9114,5441
924,6183
222111,5810
1016738,2742
10060709,2745
66470,4829
37864361,35
4531115,3790
1164205,6708
230318,4583
123823,280
945,2399
107445,7294
23184311,6187
952,2455
8553401,1887
25530,6937
10511293,2534
394174,6568
66495,7205
943041,3518
13902787,3831
58311,5863
968,319
213962,7067
99275,3069
975821,7227
18588623,2723
3933137,2660
492499,2978
980,3291
3400663,2530
984,2412
1139677,4471
990,5964
33759,3240
9036769,3569
607202,2852
2237411,263
74727,3077
9196,3254
5858285,1658
107502,6574
1410031,2013
713713,7127
1852405,6745
9207,2362
287738,5112
1020,6175
1524733,2887
2032639,7037
1026,2386
672771,6839
312325,2804
246790,6824
91143,5781
9225,3293
1131531,1902
812045,2773
1123343,3099
427025,5627
4260883,4493
1044,3318
33813,3145
877591,4611
10773529,3441
1999898,1818
1053,150
33825,5576
9250,2290
25636,6115
795685,6909
18596903,3347
1064,2450
25641,5840
410669,3120
1852462,3440
304175,224
50225,3260
328757,2184
427063,3036
132153,5412
689210,1674
24364093,29
926782,1852
66625,2276
42050,2907
1328195,6426
1092,6180
1213511,2051
533577,6895
58443,5266
1100,3312
336973,2980
8995921,3833
17493,2258
1213526,4269
41485399,3336
4121689,6300
2827355,6696
1116,3317
9310,5504
517215,4038
16221281,2644
91234,5243
353379,4909
1125,297
1442926,3630
52929647,2470
74865,7143
1279091,265
1140,6165
205942,5164
164983,2220
1144,2458
124025,3227
33915,7426
140415,6931
4375681,4534
1262723,4332
9348,6005
107653,259
263302,4905
312455,7357
1160,2438
1066121,2032
2114698,3365
4121741,209
394383,6945
148625,2272
1787026,6208
705686,1911
1459354,3590
1418395,6321
2245789,6812
124062,7034
2991265,3686
443555,7231
18285733,183
967846,6259
591015,3818
173225,3183
5801131,3443
1017005,2553
2614447,5099
2827442,2500
5276851,2758
189625,2270
1057978,4070
17595,5919
66748,5972
9405,5941
730303,3025
8258753,239
2426053,6828
181447,279
746697,3861
918731,90
17612,6053
42189,2213
25806,7391
484561,5410
640211,2154
255189,5169
574678,3919
410839,2123
1240,2430
6268121,2941
189658,7108
10314971,4263
206045,2894
9438,5301
279775,3064
2245857,3798
1250,142
5768419,230
1721573,4721
3114223,2838
4277489,3018
1213682,2522
1148147,6778
7431413,3840
1344759,4029
206074,7280
1393915,4324
42237,3079
91390,6961
25857,3200
58630,6669
1288,2444
992525,2690
9486,5871
4039951,73
4416787,2027
1300,3311
1426713,4312
115995,6966
83230,6551
296225,3128
1910051,4511
50468,6026
34086,7365
9512,2404
1323,308
42284,2827
11560237,2506
17710,7407
58098991,24
9522,3006
902451,6490
1332,3316
83259,2915
25916,6083
1164605,6562
7800127,4438
369985,3976
247107,2565
17732,6092
1352,318
50505,6999
42315,7208
9548,6096
132430,6623
25935,7436
3056977,3672
3286355,3472
1492309,4328
2442583,7041
312666,3425
25947,301
1372,286
4392287,219
24880481,171
9570,7340
1380,6150
75110,6879
583015,1988
5408105,6199
1386,5963
2295147,6684
189805,7317
165230,6458
5211503,3882
1525107,2741
6129013,186
1140087,6402
99705,4828
165242,6874
17787,3225
8054141,2756
8201599,1657
558467,4612
345477,4582
4179335,6242
3089801,6435
10896779,3867
255374,6858
50575,3136
1729937,2880
50578,2188
3687827,6315
9620,6058
19645847,3384
9625,2330
591261,6567
28050847,1616
58786,7416
34170277,36
12264871,2645
140714,4387
19498411,4216
1452,3259
2622893,6301
2581934,3572
83375,2300
1303985,4352
402866,2016
353717,2113
435638,4082
6153655,3607
722361,4567
378301,2062
1470,5525
804287,3110
124355,7420
1476,3315
1598918,6214
1480,2421
6243787,4273
1485,2397
1336783,2937
910803,2851
16360919,1714
1496,2454
9690,7429
370139,5252
8717789,1941
304606,2035
239071,2209
206305,2165
34276,6002
288230,6313
280041,2055
42476,5973
42483,3126
17908,3250
280053,2909
58870,4203
1533433,5222
1530,5955
9724,6166
32515583,2492
1539,148
50692,6102
656903,99
370185,6823
132618,3929
861707,4552
34317,2337
730639,5365
542225,2985
116242,4607
255507,1935
3958297,6695
1132058,1786
3827227,2010
460317,6864
83486,2122
8332831,3868
230945,7411
796195,4792
1066533,6486
1575,3302
624169,1992
13018667,1772
1459759,199
91698,7070
1836595,4662
124468,2920
108086,2065
181815,7124
2344505,6802
17980,6072
4302397,2777
10282559,1702
4138561,4061
3147331,2670
2778693,3439
386630,3488
1181257,4360
222794,6628
476749,2098
837199,2153
67155,5183
443989,5346
1033815,1673
1624,2437
960089,2110
32777819,3329
198237,5039
337502,4363
1042015,6577
3573349,6882
1638,5960
1640,2411
34410,6797
2442862,1752
853615,1868
1650,5744
7243379,1727
149110,6786
4187771,3685
14329471,1757
42625,2296
18050,3072
2770563,45
9860,6118
1672,2449
1674,2365
4433549,2944
50830,7384
8480399,1878
17974933,2523
1140377,2682
157339,3177
5219997,3554
18081,3271
1700,3310
75429,3142
1083047,2790
3425965,1777
1710,5945
116402,5179
7653043,1888
1716,6178
34485,5283
714425,2572
2172603,2631
1885885,1901
9918,5894
91839,2181
1156805,2663
140998,7310
5621447,4921
1736,2429
3753673,3452
444106,7045
648907,5340
1740,6129
3860173,3019
34510,7324
288463,278
18130,5404
1750,2334
27698903,3768
15189721,6202
1755,2394
52307677,2490
1058529,1910
67298,7368
894691,2791
108262,6965
2189031,3589
1768,2453
8316649,1833
509675,5591
83694,6871
42735,7003
1083121,2104
214774,4366
18999031,1811
1451769,6258
5998331,1905
1566461,2094
1124097,6303
5891843,4711
3139339,6723
935693,2152
1812239,7222
386835,6327
42772,3151
10938133,1895
263958,6265
1984279,2965
10553113,4437
329498,7226
4425499,4454
18204,5975
12404509,3580
18207,3147
100130,7160
26404,5997
829226,1858
26411,127
34606,2197
6170417,1841
26418,6991
2017077,4223
460598,7096
8234809,3795
550715,7153
4040509,4660
862017,3918
272194,4579
59204,3084
1863,147
190281,6650
821066,6419
182091,7257
1869647,2085
26450,2995
1875,141
6047573,1768
1722202,1726
517979,2794
67425,5632
83810,4808
8890211,2727
3090277,84
3516263,220
7563113,2835
51051,7445
10092,2929
1451885,7038
19572593,2615
755573,4597
649078,4533
16107383,6350
10108,3092
190333,114
8226691,6246
1173381,3858
26505,5865
665482,4290
2688907,1919
1932,6149
92046,4369
157586,7290
9389971,228
305045,3037
18326,5512
1345431,6725
657305,6944
231322,6456
2951069,210
1950,5741
10143,3275
157604,2820
10150,5688
7358377,1781
36734893,17
83886,6465
1583023,5009
7858097,3845
18354,7374
17598389,2514
75702,6793
1058743,5319
1976,2448
5343161,71
100282,7293
149435,5277
133052,6021
2893757,2029
1877953,1864
542659,100
26565,7406
59334,7086
1804231,5145
2181067,4317
649165,5155
1998,2356
141267,2796
11233237,2843
239575,2696
927707,2143
26588,3154
34782,7197
1689569,2886
42978,7296
10212,6044
3614693,1963
26598,7207
2312167,6888
2024,2443
3377129,175
2028,3215
198645,6622
10230,7215
108537,5263
2320381,4706
165886,4697
1468415,6506
31860737,28
43010,7390
346115,7081
51205,5500
2861062,3352
468999,2579
1394697,6481
10250,2280
15001613,6189
1280015,3737
174097,5492
3254293,6479
2070,5930
4515863,6415
2072,2420
26650,5574
75803,2255
1919005,6285
2079,2396
5113889,6478
34850,5570
157731,5376
247845,6457
206886,4040
6547495,1652
419881,5342
1263661,5310
1222702,6219
845871,4249
1099825,5527
4352051,2650
6391861,3650
124982,7359
247863,6873
8833081,6470
59450,5552
690235,6334
567358,6323
2598977,243
403522,6311
239685,4168
6244423,2007
75850,5535
1255501,5030
403535,5226
18513,3244
84050,2577
264275,2805
1894487,2559
3491929,1881
75867,2187
14411869,6351
2142,5954
428127,6842
2345057,4327
34914,4421
731235,3459
2156,3290
9472111,1722
518259,6821
10496123,3581
919677,3894
2377855,4311
510081,6536
2178,3248
305283,2884
387205,6922
10374,7438
1607815,6405
47204489,2611
182410,6860
6424717,2638
6678671,1602
75922,7319
1550485,4715
698523,6709
2205,3280
100510,4389
485537,101
12888227,1656
338086,6431
3655847,1945
239785,7186
2220,6065
870573,6734
59570,6935
198835,7360
43197,5291
7710911,6273
264385,5253
116932,5977
411845,2564
149702,4742
18634,2200
100555,5070
92365,5461
1059022,3880
84175,5617
608465,6919
10450,5722
51414,6640
256215,7053
600281,107
92378,7413
35035,5516
313565,4776
133342,5234
51425,3233
116963,2230
1706215,3456
182505,1937
927979,3100
43245,2818
26862,5185
16656623,216
13306099,4436
18676,6106
796917,6427
2295,2390
2296,2410
4729081,3841
1558779,6475
2300,3308
1042685,1802
1771774,3410
43263,5912
1370369,3746
116994,6777
76038,7236
2312,317
444686,6527
198927,2812
1370386,1779
2902291,1855
2541845,2740
3197207,4719
84249,5821
1681691,2947
26908,2828
166175,3132
1698087,1785
67881,2192
190762,7255
2582827,4968
10540,6090
2349,146
92463,5394
354609,2809
8415539,6681
2369851,7217
10556,6121
10557,2375
182590,3949
854335,4373
2386241,5091
2304323,5306
1616197,3041
1403207,3033
2380,6173
35150,5610
133455,6466
8448337,4657
10580,3016
67925,5716
12568919,3780
2392,2442
1403225,2688
26970,7090
985435,6566
92510,4200
4180319,6399
1034594,6223
682341,7027
870758,3377
952679,4576
1050985,6890
35178,6670
2681195,3453
10586477,1716
207214,4477
2640239,1900
2066801,5187
2420,3258
534905,7065
1263994,6692
24783229,3769
59774,5279
1354111,3042
10625,137
10626,7408
18819,2341
2436,6128
3459463,2640
3246473,2934
182666,4604
698763,6563
14223761,2743
2450,3270
1198483,4795
1968533,1947
10647,3202
2457,2393
2460,6020
26782109,37
92575,2993
18850,5683
10660,6013
3664293,1751
4172201,2875
199082,4986
2475,3301
18860,5998
231855,6541
223665,6785
1518005,2850
18870,6992
281015,5367
100793,3222
81947069,13
51646,5431
240065,2000
68034,7251
395715,6739
674245,6591
11692487,217
1976777,2781
5466571,6394
2508,6162
4319695,1769
141778,6631
15550931,2496
38152661,2601
272855,2146
1870297,5108
223706,4167
682465,6772
10725,5737
2771431,2954
3082729,4932
28092913,1744
1804786,1828
829939,234
2548,3289
27125,2297
682486,3458
4024823,5141
2552,2436
35322,4204
444925,2694
18942,6677
5818879,4066
117249,5274
2565,2385
10316297,2516
174603,5178
1018381,4548
2574,5958
1567247,2039
4950545,3402
92690,7135
166419,2585
756245,6444
1198615,6754
2584,2447
2271773,4530
18975,5706
109089,5855
27170,7434
182819,2210
10788,6073
18981,2350
1944103,2761
11020841,6352
420394,6892
2604,6100
567853,3046
363055,6600
35378,3061
21875251,2614
51765,7323
543286,4155
625209,6578
1468987,2045
461373,5103
469567,276
4999745,1816
559682,70
2484805,6396
92742,6543
1657415,4707
2099785,3906
1714765,6729
158286,6741
2648657,4564
100947,7367
109142,2148
608855,7274
1829465,6705
272986,6774
10652251,4656
2652,6169
174685,5418
305762,2951
15362659,3354
2660,6163
3926629,1842
387686,4929
305767,3047
412269,3968
428655,3523
322161,4365
4631155,3438
10868,6156
641654,6815
20843129,2732
1657466,3446
10875,2306
10878,5405
551551,7287
10881,2361
993922,6398
3025541,3021
1084039,3108
731786,6707
305805,6844
1723025,176
1272467,2023
24971929,1699
5343899,2529
559773,2578
395937,5747
920227,6943
232101,5750
494247,7225
2728,2428
68265,5754
2730,7462
60078,7161
1043119,7102
150195,7159
158389,2190
314041,5455
1157819,2096
330429,7154
2750,2332
174783,5331
215747,2219
10948,6138
51909,2196
101062,2116
256711,3174
10952,312
2476745,4098
35530,7424
1362635,4677
23448269,3339
1542863,2680
690897,7095
486098,2863
5622483,33
43732,2925
305877,7129
207575,3066
5827289,2864
871131,7039
60125,2286
1886943,4231
1878755,3912
68324,6067
2790,5881
223975,3130
27370,7393
10989,2353
1182446,4064
723695,7029
84721,2250
1739507,6509
27380,2719
8907509,1774
5606135,3431
2501369,3029
3377915,3842
264957,6789
1026817,2052
35588,5982
2583303,1725
838409,3161
1469194,3468
27404,6087
1215245,2861
9325327,6353
109330,4194
3607315,3628
19220,2829
3033877,3811
305942,3532
2050841,1979
76570,7170
437019,6617
19228,6132
20089631,3353
2850,5725
11050,5729
27436,238
9104173,6359
3230513,6504
19251,2358
207669,7082
60214,7388
6679351,3582
1600313,4547
52026,7261
314171,102
4614973,6806
1592129,7025
183106,6546
191301,5210
215878,4600
6024007,4431
2888,316
68425,5698
60236,2717
4688719,3802
240465,6587
2898,5929
7351123,6693
2900,3307
35670,6553
830297,245
1133407,5229
27462497,2483
68450,2698
158565,3979
346983,6455
12815209,1709
31083371,18
4467565,6206
4721519,4448
2624369,2963
568178,2544
4221811,5088
27508,3013
502645,6954
84854,7299
1764215,1909
486266,3923
11132,3253
76670,6659
707455,6528
1526657,2149
3607426,3344
232323,6923
756613,3162
109446,6861
43911,5788
7867273,1951
27531,5913
117645,7140
240526,4189
813967,2783
6704017,1904
60306,4390
6024083,1847
142228,2821
478101,4898
101270,6633
150423,7292
3672985,3466
609178,6559
936859,1930
68510,7190
2419615,6257
322465,5132
93092,2715
93093,7203
117670,3543
158631,5254
273325,2903
19375,133
338865,6516
428978,6771
2997,144
297910,1806
4950967,55
109503,225
191425,5642
289731,7344
584647,91
3016,2435
658378,6226
625611,1803
52173,5868
830414,3500
117711,5769
6736849,1717
248788,2589
166870,6344
715737,4253
3036,6147
3910621,6483
36998113,1808
3042,3204
4180963,2019
3328997,4310
11897831,6197
73952233,1611
7703531,6360
134125,2282
1002478,6720
363506,6453
912373,4691
44022,7267
4131833,242
125948,2713
248829,4696
44030,6990
2804735,1843
3361795,4222
2788357,6763
216070,6448
150535,7386
429065,6594
371722,4175
2681869,1978
3087,285
3812369,6827
134162,2687
11284,6093
10013717,3349
25054231,193
158746,7248
3100,3306
1936415,1795
3105,2379
35875,2278
3108,6064
40594469,1623
9194537,6240
363562,2026
11310,7336
298034,7105
52275,5569
11316,5999
1313845,6521
11319,2265
3128,2441
11322,5835
224315,7311
19516,6008
273470,6496
633919,3163
248897,113
404547,6592
27716,3205
32902213,2501
576583,275
2591817,1770
76874,4842
44109,3197
4893779,2837
158804,2712
117845,5397
339031,5392
6892633,6366
257114,7074
1690715,3718
52316,5989
85085,1606
19550,5700
76895,2132
240737,247
6818915,6191
912485,4116
1739881,1925
11375,2327
1281137,4767
232562,2786
117875,2273
191607,2060
11385,5926
126075,2576
593021,3164
60543,2817
183425,5665
167042,94
35972,3012
10275973,2755
1354886,3415
3746953,3691
3213,2389
625807,2959
994449,4708
191634,3510
52371,3003
19604,3208
4770965,3583
543895,5191
3224,2427
158875,2271
9194653,53
4279457,6216
3230882,2489
535717,2892
314534,4179
18812071,2513
257193,2583
273581,5272
68782,2068
1215665,3921
224434,6586
19635,7454
27830,5269
3558583,2739
3256,2419
44217,249
3255482,3564
191675,5567
437437,7356
2714815,3493
60610,7301
3267,307
19652,250
232645,4825
175305,7078
142538,5206
3771595,3658
7851215,1694
19665,5914
388311,3537
1985753,6320
126170,6792
5934299,6354
44252,6040
306397,3173
85215,7363
806113,4580
1617122,3370
601315,4187
11492,3211
7048421,208
1412327,5309
1666281,6391
109802,7139
1920235,6501
4803821,2668
1084655,6331
134385,4779
355570,3864
3624179,4321
199927,103
3321,143
634106,6308
994555,1975
2026749,3843
470270,6228
1338623,5160
44289,5828
634114,1863
4812035,1718
224516,2710
68875,2301
11532,2830
118030,6876
421135,7163
2641171,4725
77077,3223
19734,7401
1125655,4683
1379609,6565
232730,3744
2977051,3480
36125,293
68894,5390
462111,4689
52514,5218
1076515,4297
175398,6413
224553,4741
44330,7206
5344555,4002
167214,3901
27951,2199
68913,5862
7367987,3801
3380,3214
5270837,6371
1772855,1736
1076537,5101
3388,3257
19773,261
1396031,4356
77121,5782
748867,5408
249158,3752
7220551,6387
4672841,4718
1346891,4467
200013,5233
216398,6540
2608463,6847
1641809,4810
34270547,3337
19918169,172
60762,6634
781665,3423
240994,4980
3430,2268
4902247,6361
11625,2298
18738539,1756
28014,7270
3116399,6748
150898,1999
3444,6019
52598,4852
3450,5710
2657661,3409
13438339,51
19844,3249
355718,6896
11655,5843
3465,5962
6516107,6715
3468,3160
77198,2175
2764177,1964
167314,6949
413075,5540
36244,6006
667029,6526
2125207,2849
1682841,1844
52635,5247
257439,6595
4459939,5096
12774821,4217
3496,2440
961961,3966
93610,6932
4386221,6367
839086,6810
191919,6958
413105,6872
2100659,2936
6409653,1629
2330038,1713
2207161,5152
1822139,264
609725,212
4238785,6355
503234,4465
462275,2574
519622,4753
69069,7397
9965009,2853
11730,7395
142805,104
44506,4858
814555,3740
273885,3948
28126,2214
16109023,2475
1756645,3502
93670,7285
110055,7265
241129,2218
126445,2186
347633,3167
3570,7458
2862579,3584
364021,5470
314870,3708
183799,3218
896506,4030
110075,5613
19964,6078
19965,2201
28158,4635
265727,5456
806403,7023
11780,6085
11781,5950
3591,2384
462346,1918
36366,7302
1715727,6254
14061073,6196
77330,6967
1551891,6222
863765,6820
11799,2374
3608,2409
1306137,3376
192027,2972
44574,7355
2428447,2750
2215457,76
601634,6491
6958627,3689
3501605,6362
732711,6289
650793,6332
20010,7271
3630,5305
3427887,3783
12750385,1618
28210,7209
159285,6346
118326,6339
1895991,6691
3354169,6372
2600507,3512
208444,2590
396865,7246
2838085,4275
69190,6987
183885,6597
380494,4546
93775,3229
11858,3226
3133015,6368
6999643,1815
650845,7149
10866271,6239
740962,6747
11875,136
5975653,4746
274022,4302
44649,3238
355946,4574
265837,258
208495,5382
36465,7447
249458,7245
28275,5682
3700,3305
872053,2683
2707063,2037
749177,2097
364154,3727
1191547,4763
2838143,6376
380545,5173
28290,6609
18378373,2495
3724,3287
1404557,6852
1552015,3933
757393,5328
13119127,31
683675,5545
3740,6171
20125,2312
6483617,3437
28322,3127
2928291,3616
2543271,6356
20262569,2633
69290,4919
224939,270
2092717,4542
52910,6997
3762,5942
85683,105
20150,5655
6876857,4065
85690,6639
2395835,6373
3346109,4535
306878,6865
569023,2089
3780295,1835
6524617,6274
11979,273
20172,2599
9613007,4701
3706577,3877
397010,3680
4148947,1899
577239,4469
462553,5037
118490,4699
44764,3086
2993887,7091
642785,7072
44770,5184
2100963,6363
12005,128
12006,5888
4574953,1970
20202,7001
2707179,1827
52972,6000
2027245,6377
1314542,3474
134895,4403
1855217,6833
16895731,2504
3828,6126
233206,1990
4640503,6269
618233,5366
323323,1605
28413,5795
151294,4409
1879809,6369
1847042,46
1945349,2679
20230,4863
3848,2418
126730,7235
798475,2571
3739405,6248
528143,1996
2363153,2021
208658,3028
3861,2392
2461462,3609
298775,5605
331545,3927
4075291,6743
184093,3123
2674463,2779
2289443,4974
3876,6155
143143,3168
61226,2182
61959979,1621
4247341,4266
2346799,6316
421685,5128
2019127,2138
12090,7211
167739,7378
1437501,6374
1019711,6615
2830145,1784
3906,5880
3542851,4674
1937221,7097
20295,5796
536393,2163
28490,7004
208715,2120
69454,5137
21925711,49
1290065,6380
241490,6433
2215763,2012
749398,6304
429913,2183
1216347,6378
1978205,2652
601953,6854
257890,6328
839523,69
175972,5967
102245,3169
135014,4619
12136,2402
2396009,4076
12138,4864
5517163,4527
20332,6136
479085,3508
208754,6784
3985267,3887
2592629,2955
44919,5858
323449,2207
3518333,3476
20350,5622
585599,5385
5050241,3627
462722,2665
921475,5536
126854,6651
48451463,1613
1232777,7098
3978,5949
1322893,2881
15699857,40
978835,3747
266133,7232
3990,7444
774039,6381
12447641,2842
44954,5062
610203,2554
85918,4622
2002847,3721
4951969,1890
61347,3170
4004,6176
880555,7099
217005,6915
782254,3859
962481,6814
12210,7006
61364,3010
552885,6383
1281974,3873
71339959,2468
2453433,3836
896954,6726
561085,6584
4796351,1776
8794049,6210
77763,2983
454597,3112
69575,3231
11194313,1721
12236,6133
528333,7100
8138705,3562
10784723,4270
1077205,7219
36822,4625
1920983,87
4060,6127
69597,5827
2936801,6807
94178,2797
7401443,3362
151525,5671
28652,6110
536558,1867
3026933,6700
356345,5204
4092,6098
69629,122
6254591,6205
798721,5116
20482,5502
1159171,233
4100,3304
299013,6647
512006,3739
1421319,3885
1454089,4157
45066,6880
94221,3076
143375,2281
21303313,3426
667667,7252
5656597,2942
1773593,244
36890,7199
5107739,3587
1540,6182
176157,2997
1820,6179
2860,6177
1428,6174
921633,4503
2244,6172
92414,5339
154693,2211
2382961,4456
110630,6926
372775,5585
1596,6164
151593,2115
5916,6119
326859,4798
2964,6159
103341,5389
397358,7060
53295,7423
418285,6947
1230383,4161
9044,6153
487475,5584
159562,4615
634933,257
643126,6407
22450231,2623
16796,6151
544825,5583
28730,5074
102459,5349
3220,6148
95795,5478
184382,4803
1155865,1916
3588,6144
57962561,169
487490,3460
3772483,6727
5980,6143
45125,292
8372,6142
564775,5546
25025,5736
274505,7137
7820,6139
17204,6137
28306813,3601
2150477,4501
11662,2259
86583,5425
34983,3198
4524,6123
36946,5463
7540,6122
4180,6161
979693,4987
102486,7055
102487,115
2146145,4450
4185,2364
20570,5294
1339481,7272
11020,6113
888925,2799
2363486,3359
7172191,2656
3267803,3636
5271649,2018
1190189,6534
36963,300
9350,5732
1388645,2762
8004,6108
2338919,1965
2116543,4466
55825,5684
34684,6104
31977,5932
1860,6101
26480567,2613
516477,6613
1060975,2689
4836,6095
1585265,6306
368039,2216
4231283,3847
508898,4295
2429045,2531
4125,2331
474734,3940
4216,2426
3379321,4500
315514,1984
1175675,5526
7068,6086
16492,6084
28798,5292
157035,4587
318565,2107
217217,5432
1203935,4566
1061905,3953
105524,6022
1585285,1861
53382,6468
19840843,3340
4232,315
700553,2891
561290,3599
520331,2204
37004,2926
10743949,6686
79135,5493
3993743,4499
25172,6071
571795,3960
233618,6342
32946,4845
61132,6068
1258085,4463
290966,4551
193325,5607
5292413,1834
282777,5124
4250,2325
7925915,1645
11396,6060
102557,2244
28830,3985
31790,4860
2155657,5307
831649,4947
27550,5674
3332,3288
31059,5897
61605,2708
37030,4423
2060455,4237
4264,2408
512169,1869
28842,7371
27676,6052
77996,6024
81282,7111
1857505,3513
2986159,5150
19684,6048
1820289,4268
36556,6046
4275,3298
53428,3085
2058,2269
23828,6042
1446071,5165
150183,5752
61625,2302
57868,6039
94395,7087
50430,3545
291005,5177
1050,5745
4436159,3448
2758535,3633
9747,304
4290,7461
1196069,4372
1929254,4049
110789,2249
45254,2193
676039,7342
14575951,3428
1519817,2957
61642,5395
2791613,1956
651833,5011
5448839,4096
6525,3296
12495,5513
59644,6025
5837009,1953
124558,5324
2117843,3732
37076,6076
4321493,7009
479446,6756
8155351,1942
5740,6018
11096281,1644
1750507,5159
61659,5867
9020,6016
1102045,3704
1900,3309
438495,6411
1582559,2140
20943073,1755
20706,7325
28899,3199
20309309,3997
1511653,2782
8609599,196
86247,2707
429598,4884
323817,4599
839914,3908
2473211,4541
4332,3094
2011373,3916
454894,7028
168175,2806
1518517,6330
133209,3073
1339634,3805
37107,5864
4340,6099
112047,2126
266662,7120
681207,4509
14268,5992
1110265,7043
292494,3461
12726523,3793
65366,5448
7065853,2931
4350,5689
471295,5123
3719573,3716
725249,3051
12546,5790
86275,5677
90364,5986
109388,5985
33495,7337
187395,3973
86428,5979
406203,4145
745085,7103
1281865,4873
4274803,4129
45325,3261
12558,7404
2167055,3812
44950,5633
139564,5968
3610477,2759
102675,2697
1170,5961
4509973,2748
4095,5959
1839383,6520
6435,5957
5355,5953
3366,5952
9945,5948
13923,5947
21879,5946
545054,4679
1732895,6829
2394,5944
15162,4644
113775,5534
1618211,1915
12580,6054
11115,5938
15561,5937
130065,7259
5814,5935
14535,5934
20349,5933
1544491,2086
45356,6103
6009133,2766
135470,7110
6230319,1685
37791,5931
127281,7298
69938,3116
2164389,3629
82251,5826
168245,7366
129311,2237
5382,5924
4408,2433
209209,5276
13455,5923
18837,5922
29601,5921
2224445,2839
102718,7264
8909119,4490
2146981,2044
38709,5917
45747,5916
5411139,3343
4420,6168
51129,5911
66861,5910
790855,1927
2610,5909
4829513,2539
3654,5908
45387,299
9135,5907
1085773,89
2210351,4888
4247887,2519
14355,5905
29692241,2622
20097,5904
209235,6869
12628,6015
651605,80
78166,5275
16965,5902
23751,5901
20825,3266
233818,4395
107559,5825
8874,5899
22185,5898
4446,5939
48807,5896
57681,5895
151905,6632
201058,6956
24795,5893
34713,5892
659813,5122
282982,6530
913767,6558
1731785,3701
1757545,7017
12650,5707
135531,2706
2533289,7092
102765,7189
12654,5830
16036207,3771
84303,5889
30015,5887
42021,5886
78039,5884
102051,5883
9744757,3406
7497,3277
1159543,2673
9765,5879
3199353,3578
135546,6518
3453307,6420
119164,202
1847677,254
307582,5104
4632959,2009
2951897,4505
143745,3762
2687919,1664
12675,3192
61828,5988
4903301,1898
7254,5875
2019719,4945
18135,5874
1028489,4516
5748431,3710
643467,6770
40019977,3547
4133261,3910
33201,5869
10602,5866
90117,5861
446865,1805
53650,5597
70035,7268
53505,5771
6754709,6471
32085,5859
11366807,2636
29302,5484
881049,6507
83421,5856
2334145,3637
4508,3286
4721393,241
274846,3969
1642911,4434
40455,5852
12705,5302
56637,5851
11506445,2476
105183,5849
1315237,7046
774566,1797
1315239,4654
137547,5848
2221271,4370
14450,3138
1151403,6286
12716,3157
160173,2705
20910,6664
987567,6225
3330,5845
3928497,1653
4662,5844
602547,3943
3479998,3555
2257333,3030
18315,5841
659895,6263
8658,5839
12333497,3429
21645,5838
30303,5837
47619,5836
414141,6335
373182,3380
28305,5834
120835,2129
823745,7224
209346,6293
143811,2912
62271,5832
61893,3002
45510,6349
73593,5831
31635,5829
242121,5227
4554,5927
37323,5900
884374,3715
2445773,5107
136045,5045
889295,6894
53613,5822
790993,2047
99567,5820
4563,306
78292,3008
438741,2580
217558,5193
130203,5819
145521,5818
19314,5817
340442,4766
48285,5816
20956,3207
954845,2938
67599,5815
106227,5814
125541,5813
160225,5675
3748322,34
192995,2173
164169,5812
102885,2003
1085926,3495
183483,5811
20646,5809
5280233,3657
692714,3703
545259,6452
51615,5808
72261,5807
113553,5806
134199,5805
175491,5804
196137,5803
237429,5802
86515,2195
299367,5801
12789,3274
3690,5800
836969,5407
12915,5798
10383865,1684
53754,4781
7359707,1952
9594,5794
23985,5793
176638,6790
143871,7187
52767,5791
6580783,3684
69003,5787
651775,2899
950521,4816
119301,7361
168454,7165
111111,6994
35055,5784
324105,6447
119306,5239
1268915,1958
119187,5780
3494413,4966
430606,4299
26948111,1641
16974,5779
1331729,4543
291346,6618
14471699,2606
42435,5778
59409,5777
709142,1738
365079,6920
93357,5776
110331,5775
144279,5774
201243,2686
161253,5773
447005,2960
684574,4079
8827423,4211
5586,5505
61985,5485
12834,5860
74907,5770
7546,2266
1692197,4981
181917,5767
520421,2177
246123,5765
21033,2340
4650,5661
22878,5764
12844,3210
7344685,1703
127534,5211
1872431,4762
57195,5763
209457,2704
774706,4497
45619,124
80073,5762
348725,5593
160310,6588
340535,2099
125829,5761
2052665,6417
148707,5760
194463,5759
217341,5758
263097,5757
21054,5249
545343,2025
331731,5756
7434817,4867
27306,5755
18865,2264
37444,6041
177489,5751
864838,6703
259407,5749
314019,5748
1282633,1986
423243,5746
447051,7104
12876,6037
30118477,1640
184910,3540
3850,5743
5775,5742
4550,5740
6825,5739
2865317,3696
4692,6140
2550,5735
817581,4678
5321303,2658
8925,5733
512601,4374
29274,6663
6369883,6294
37468,6109
225885,3759
78430,7141
55915103,3326
378879,4814
4305505,1724
21090,6972
1340003,5325
32725,5730
18387557,6195
39458687,1679
60775,5726
4712,2425
6752389,4046
1208938,3850
447083,2058
9975,5723
15675,5721
62062,7204
1299055,4751
36575,5720
12350,5719
18525,5718
234099,2703
43225,5717
832117,2969
225910,6517
1420445,2542
1501423,6768
56525,5713
5100154,1620
782971,2890
4732,3213
1532795,3893
57855,7303
529023,6582
8050,5709
2126465,3481
193154,7345
12075,5708
44275,5705
21125,294
37510,5220
6918791,4228
14950,5704
22425,5703
78474,6549
160395,4743
52325,5702
4321933,3591
4750,2320
873103,7242
82225,5701
397969,2178
29325,5699
107525,5697
127075,5696
1266325,188
12950,5624
1225367,5121
21850,5695
76475,5693
152218,5175
3445403,4931
39039,5077
142025,5691
32110,5064
15225,5687
33151001,1615
111265,4856
2214,2346
2904739,2945
29348,6105
3825,3299
36975,5678
144039,2001
135575,5676
3175081,6280
447146,3507
1274539,2681
21164,6056
41325,5673
96425,5672
179075,5670
25575,5657
5231281,4309
50025,5667
4780723,1944
116725,5666
11473589,2646
1512118,1837
1733303,7112
216775,5664
283475,5663
316825,5662
1094331,3421
10850,5660
16275,5659
17050,5658
234175,5669
59675,5656
2192065,4653
4802,130
250563,93
481481,4956
70525,5653
53958,4405
602823,4891
110825,5652
36459209,170
26350,5651
266955,3753
39525,5650
13005,3148
225998,2050
438991,3119
92225,5649
144925,5648
1495762,6250
171275,5647
21266,2233
1004245,3942
119510,6951
2970327,3403
44175,5645
4936409,4747
103075,5644
520923,4514
161975,5643
2388701,2558
4830,7410
15405791,3786
250325,5641
35650,5640
168674,5130
19591907,3822
86756,3007
53475,5639
124775,5638
19780327,19
196075,5637
217833,6601
13034,2254
135915,6652
231725,5636
5296877,4314
348910,6292
303025,5635
338675,5634
16593649,3611
791282,2654
4846323,2488
103156,5970
971509,5146
157325,5631
283383,2702
247225,5630
13538041,3605
127738,2061
86779,2245
1007083,5109
62205,7330
382075,5628
516925,5626
5550,5625
578305,6454
19425,5623
258819,5199
30525,5621
1856261,2966
71225,5620
2111317,253
36075,5618
132275,5616
29450,5646
4875,2328
127756,2593
1807117,3096
47175,5614
172975,5612
74698,2127
52725,5609
86802,6917
123025,5608
4884,6062
260338,7151
42550,5604
488215,6866
63825,5603
148925,5602
234025,5601
276575,5600
361675,5599
404225,5598
62238,6605
80475,5596
4933247,6722
78625,2285
13090,7455
226083,7184
2859545,6253
616975,5590
29478,2071
86025,5588
200725,5587
315425,5586
659525,5582
578347,5374
831575,5581
455469,4256
2070335,4487
709423,2144
14350,5579
21525,5578
217906,4799
209715,6463
22550,5577
78925,5575
13110,7375
10044353,3649
93275,5572
627874,6424
258874,3538
121975,5568
178959,5238
45885,7372
406334,4730
5657407,2728
38950,5565
58425,5564
136325,5563
6271811,1662
214225,5562
253175,5561
21318,7425
331075,5560
5787191,4453
1774409,6764
217930,6761
906059,2563
4940,6158
54350669,25
103246,4629
316239,3757
165025,5557
250705,7291
828971,5207
4395859,2659
306475,5555
1504085,6489
29526,6971
3101527,4246
400775,5554
1422169,4727
447925,5553
11342683,3825
2419023,3623
208075,5550
326975,5549
386425,5548
298623,4985
1037153,3034
971618,2533
1602403,5120
13156,6141
1132681,2151
95325,5543
242535,6900
222425,5542
349525,5541
308074,4690
540175,5539
603725,5538
2200429,3516
730825,5537
13167,5940
265475,5533
11269793,6266
316274,6515
493025,5531
111476,2822
3887989,6389
45942,7171
95095,7430
1073995,4882
3502969,2028
720575,5529
136059,7173
872275,5528
1987453,2946
13182,2137
177023,2185
3234,5524
54145,5507
5390,5523
45970307,1631
8085,5522
19870597,1763
4998,5515
29575,3191
3822,5521
6370,5520
9555,5519
299915,6635
219351,4823
21021,5517
21390,7146
3453839,2020
27489,5511
45815,5510
344318,6614
1471379,6889
32487,5508
1569685,6422
521110,3424
2519959,2083
119119,5506
62361,3194
21402,5772
5690267,5086
13965,5503
30723,5501
24206,5499
6534047,2537
36309,5498
3093409,1946
60515,5497
95139,2816
133133,5496
3765157,2876
693158,6831
349095,3743
5032,2417
1310133,3674
47481,5494
86955,7195
54188,6074
406445,2090
205751,5491
4871087,4869
6762,5490
4789169,3371
889778,2841
78771,5217
11270,5489
267189,4990
316342,1929
1209271,5370
24794,5487
5049,2388
37191,5486
70587,5857
43953,5483
357309,2701
73255,5482
1192895,4252
161161,5481
49140673,1622
38318,5480
57477,5479
5060,6146
250821,2811
210749,5477
193479,5133
249067,5476
1790921,3040
70602,3544
42826,5475
64239,5474
29645,3224
4273102,1630
222015,4478
278369,5471
214795,4620
21315,5467
9442259,6386
21460,6036
37845,2917
54230,7321
46893,5465
78155,5464
55419,5462
5082,5304
2831323,4536
1026861,4078
9622493,1780
46046,7398
1389535,3676
370025,3062
72471,5458
1286965,4538
2405347,4669
53998,5454
80997,5453
134995,5452
296989,5451
350987,5450
373737,3751
458983,5449
21483,5876
1604135,6813
163415,5446
8869751,3620
1414127,5189
424879,5444
488433,4473
381938,2940
1078259,4687
21688549,3989
324597,6539
620977,5442
1405943,3941
197210,6338
39121913,2472
22785,5439
5592059,2738
50127,5437
701437,2162
13310,2202
709631,2117
83545,5436
39494,5435
537602,7024
59241,5434
77469,5430
3027973,4893
188853,4401
1569799,6837
284053,5428
13005833,6679
1143818,6255
6591499,229
12853003,1831
685069,5321
979982,6299
7877647,1846
57722,5426
554001,6737
128018,2973
6485011,1879
29716,6130
40997909,203
136214,2101
5157911,6800
144305,5424
5145,2267
488474,6290
1659931,6848
13340,6107
160797,7167
375193,5422
6951967,6688
490637,5421
144417,4411
69874,5420
3453987,2620
78884,5971
4533657,3388
454181,5416
593929,5415
88102,5413
881705,6581
220255,5411
226347,1998
9116063,3442
381997,2145
5166,5799
87087,7328
166634,5019
357425,2902
27195,5403
24319027,3346
1430605,3722
291893,2217
59829,5401
5175,3297
99715,5400
46137,2133
185402,6621
955451,5364
5180,6063
1266749,3043
226366,6899
70707,5398
508079,5271
4600897,3471
62530,4964
4823135,4047
1062347,1604
70725,5558
29766,5140
7132231,4710
378917,5387
447811,5386
83398,5384
125097,5383
1645945,6224
6460493,6393
542087,5380
708883,5379
460955,4801
1436695,3917
5202,3149
683501,5373
998963,5371
87125,2275
13398,7339
1070167,2948
8176753,4227
2274393,1668
168609,5368
250971,6948
1067857,5363
816221,1987
54366,6654
1292669,5362
48050,2808
12054,5360
20090,5359
30135,5358
44198,5357
1356901,4926
66297,5356
110495,5355
52234,5354
78351,5353
130585,5352
287287,5351
68306,5350
170765,5348
2310,1608
76342,5345
114513,5344
4502641,3695
190855,5343
496223,5341
5236,6170
3372149,2778
138621,5338
1004663,3044
231035,5337
529529,4406
600691,5335
58651771,1612
5244,6135
877933,5333
116522,5332
291305,5330
640871,5329
4756609,6699
566618,6752
1106959,5326
87172,6023
308357,2225
186837,5323
311395,5322
13448,311
15340681,1822
809627,5320
19805323,1707
1183301,5318
1823885,3420
1432417,5317
20550799,6194
1806091,5316
29841,2240
54418,5047
570515,5117
148666,5315
70805,3125
38038,7432
222999,5314
371665,5313
16398659,4043
21658,5509
1709659,5308
13468,6057
382109,5052
1012894,1792
8470,5303
2925,3300
259233,4819
70818,6877
1103011,7113
17349337,3646
93795,4963
33033,5297
352869,4738
12342,5295
33785551,1697
878845,4162
21675,3137
53482,5289
14742701,2734
80223,5288
136367,3220
133705,5287
742577,3045
187187,5286
403403,4992
1586967,4069
1779441,6277
48279,5281
8930579,3992
89661,5278
38073,2223
20615771,30
259259,5396
21692,6116
8115389,62
1258629,6809
1661569,3937
180895,5262
4042805,3368
94622,5260
141933,5259
236555,5258
455877,189
331177,5257
4314311,1954
615043,5256
1980218,3404
902615,6324
898909,5250
5324,274
210125,287
35090,5248
4992611,6498
11529979,227
169169,2128
324818,2775
22261483,1648
22542,4855
270,2401
62678,5182
13055191,1886
5336,2432
349401,4770
13530,6678
767195,6863
1297257,6702
226525,5566
298265,5237
105125,290
775489,5235
7451873,3411
2732561,4938
2667747,2510
275684,178
66737381,2469
24996571,2603
963815,4786
1199266,4093
1794611,4872
15355819,2724
480491,268
1372019,5223
267501,1994
37758,7089
161007,6656
910385,3725
472305,3707
38130,6469
2585843,1972
2631218,2610
87285,4419
146289,5214
64992503,14
584545,4393
341341,5212
29946,7145
103675,5680
446369,5208
259325,5556
152830,7069
213807,5205
17670,7181
15881473,4427
988418,2643
1211573,5201
431365,5198
2618629,2011
562438,1950
10999439,1814
1121549,5196
1466641,5195
1701931,3920
365835,1871
1698619,2956
705755,4593
177422,7233
693519,1917
2501917,5186
94017,5181
406802,2555
156695,5180
46930,4634
54549,5891
532763,5172
989417,5171
2868767,4350
12625991,3341
361491,4979
15470,7451
214149,4834
488733,3741
144670,6916
2831647,4072
41503,283
26998049,1681
630539,2079
1053987,3503
5412,6017
218405,3048
1635622,3837
5920039,2932
317135,6649
1512745,3733
259666,5157
202027,2227
389499,5156
644397,4883
908831,5154
2466827,5151
1103414,3635
3306801,1761
103730,6604
496947,2675
21812,6003
111925,3228
422807,4836
30927079,3557
3192101,5142
492745,4773
173635,5135
128986,5134
451451,5131
120125,289
46398,6968
406847,3055
9282,7452
12178753,3866
87362,3050
50459971,3546
1096381,5126
5445,3247
385671,7073
6649159,3846
142970,4184
505161,2699
1939751,5114
13759819,2625
2167957,5113
303862,4973
719345,5110
292175,5629
225446,5008
14955857,1627
3140486,1696
95571,5753
544011,4936
1021269,4458
200158,4182
162,154
550671,5094
456025,5592
947546,3886
3962203,1783
30044,6035
2422109,86
62814,4589
163618,7077
5761691,4101
54625,2308
5070,5085
1792021,3736
11830,5083
17745,5082
11154,5081
13671,3273
18590,5080
292201,2119
497002,6512
390507,7150
27885,5079
16831853,3398
26026,5078
120175,5692
65065,5076
43095,5073
2397106,3397
60333,5071
87412,2595
11130229,6233
63206,5069
20452727,215
94809,5068
158015,5067
521594,4354
221221,5066
19266,5065
185725,5690
48165,5063
67431,5061
112385,5060
70642,5059
105963,5058
3282307,6801
176605,5057
4617605,44
247247,5056
10392967,6209
109174,5055
1242505,6510
163761,5054
46475,3190
272935,5053
600457,5051
244205,3103
4609423,1728
38870,5049
243089,3216
202130,6532
1111443,6746
58305,5048
120213,3074
30875,2316
38295,5823
85514,5044
1930649,2787
267674,1933
128271,5043
213785,5042
299299,5041
132158,5040
5535,2345
330395,5038
726869,5036
1414562,58
221559,5034
369265,5033
516971,5032
812383,5031
29406,5029
23667,2247
73515,5027
68614,5026
374187,7244
102921,5025
1447341,1671
734638,4664
37975471,1632
329623,277
107822,5023
161733,5022
269555,5021
377377,5020
1013173,5406
71094,4700
546231,3726
249951,5018
21945,7440
8778,7442
583219,5016
38332,2718
906685,4935
916487,5015
939455,7047
186238,5014
279357,5013
465595,5012
4093379,4562
13764,6029
1024309,5010
341446,1870
2733511,5106
5576,2407
338169,5007
563615,5006
3085771,2769
21964,3155
7525837,2545
789061,5005
1239953,5004
263810,6740
94352849,167
21970,2136
1234387,6580
2141737,5002
1742293,2788
31434,5001
52390,5000
78585,4999
15138,2918
110019,4997
183365,4996
115258,4995
1496541,1883
1070558,3694
1701343,2860
172887,4994
288145,4993
13794,5285
178126,4991
445315,4989
472549,4616
153062,4192
898535,3957
623441,4988
153065,2180
5610,7457
5084651,3851
13804,6117
505325,5547
497705,4984
374255,4740
1094951,4982
595441,5167
602485,4978
33136241,2721
1325467,4976
8238581,2536
87542,4962
431607,5111
5624,2416
46585,2198
71162,7382
455793,4972
759655,4971
1063517,4970
144894,6434
17905151,3560
1671241,4969
669185,1931
2886689,4967
6583811,1787
37518,4965
79365,6996
22022,5298
1881607,7021
131313,4961
62985,7417
24584953,3996
5643,2383
137566,4959
5240333,3796
206349,4958
4822543,4651
343915,4957
30225,5654
398866,4359
1488403,1966
71188,2716
546325,2573
25314179,2474
128535,6638
318903,4954
1381913,2087
279565,7377
392,320
1169311,4951
423453,4594
237614,4950
356421,4949
594035,4948
1357345,6817
1306877,4946
1979939,2030
287638,4944
587301,3748
431457,4943
719095,4942
14200637,3568
1582009,4940
2444923,4939
333355,5232
362674,4937
2922029,5098
1269359,4934
1994707,4933
4170751,4930
3429937,6296
54834,6962
13875,2289
5684,3285
581529,4928
38454,7316
969215,4927
2132273,4925
5830201,6721
3295331,4924
2209339,2780
3683017,4923
4458389,4922
103935,4918
448063,2970
97006,4917
145509,4916
242515,4915
5715523,6472
152438,4914
5035589,4492
104006,7352
1619527,2662
5704,2424
228657,4913
381095,4912
533533,4911
12595651,4428
1365581,2789
3478727,6395
824551,4907
1295723,4906
394953,4904
693842,2753
658255,4903
921557,4902
3159637,2858
95830,3763
783959,2161
1448161,4901
2750041,7010
743002,3515
2070107,4789
2238067,4900
1390173,1851
427431,2042
2553439,2557
796835,4897
1115569,4896
284258,2874
63075,2906
1753037,4895
21001829,2624
587366,6508
2709239,4894
401882,4892
7050857,3869
1095274,4435
1004705,4890
104044,2714
1406587,4889
5742,5906
3415997,4887
4621643,4885
349809,1989
767602,6287
120435,6794
13940,6009
644725,5530
22134,7200
1503593,4881
2362789,4880
1936765,4495
439930,6264
4429435,3408
4081181,4878
226941,4408
276094,6336
6229171,4876
512746,4875
8550017,1749
95874,4170
769119,4874
30340,5974
292485,6775
161414,5228
2820103,4871
5896579,4868
30345,4862
7947563,4866
19074,4861
5772,6059
54925,260
530062,6836
472719,7115
47685,4859
1316497,6904
66759,4857
136851,5242
5780,3159
37570,4854
56355,4853
2340503,2878
78897,4851
123981,4848
206635,4847
289289,4846
46748,6069
521885,6782
54910,4844
82365,4843
115311,4841
128673,2913
620194,4717
833187,2763
192185,4840
14128805,20
120802,4839
20764327,1746
181203,4838
300713,3056
38570,7304
2676395,3692
302005,4837
87725,3230
79534,7362
693935,5147
142766,4835
308913,5163
356915,4833
9926323,1824
339549,6898
35305141,1680
1005238,3479
3235687,3852
39882,4830
93058,4827
243386,6921
10204859,3772
139587,4826
146234,4824
14014,5518
382655,4190
365585,4822
511819,4821
432055,4818
4724419,3663
37310,6672
33978053,1633
14022,5785
63175,3070
1114503,3514
14025,5731
22218,4424
4617931,2857
5908715,3357
1070797,2562
1389223,4811
1472207,222
50286,4809
125715,4807
117334,4806
1586899,88
14036,3252
176001,4805
1503717,6719
325335,4258
276573,4802
792281,5378
645337,4800
267995,7166
5852,6160
1349341,4785
169694,7123
194271,4197
544765,4797
6166241,1961
5677243,3667
5859,2363
477717,4793
5756645,2619
341734,4375
218855,4960
578289,4787
6412009,1897
2120393,4784
1267435,6765
14060,6049
186093,5846
235246,4739
1406703,6803
125426,4778
177905,7380
188139,4777
45192947,1742
295647,4774
104181,5136
689843,4772
112375,2291
232934,4771
145145,7327
582335,4769
1201915,3527
815269,4768
10188541,3436
510663,4765
33059981,3548
2212873,4761
620289,177
412114,4760
618171,4759
1030285,4758
1442399,4757
2266627,4756
603911,5197
3915083,4754
1300233,3813
779433,4752
4241163,2499
111435,7353
3377543,4748
2105719,6488
55055,5296
588115,4737
823361,4736
1267474,3451
38675,5727
7292311,1840
695045,4733
112406,5369
22295,2261
1529099,4731
202521,4618
96026,2002
456475,2802
169756,2711
609501,4729
13311,2368
737817,4723
2705329,4720
930291,4716
30498,7385
2267915,6281
3411067,4713
350427,6341
123123,6666
7624109,4702
177735,4698
5699369,4650
202538,6914
5617451,4212
414715,4695
17389357,1829
11758021,4000
391017,4693
651695,4692
4757297,64
177970,3754
390963,81
770185,4688
112437,2815
3160729,3915
29903437,2722
675393,4684
1575917,4682
22330,7338
2476441,4681
2926703,4680
612157,2793
5950,5734
1054527,7018
35836,3152
15464257,1875
153410,4368
694083,2664
2997797,4675
5178013,4673
145222,6602
284487,7107
3872901,3571
1030863,4671
6979061,4658
3779831,4668
4467073,4667
14157,3245
6528799,4666
5967,2387
998223,4289
153425,3067
685906,6731
1101957,4663
33670,7000
3929941,1912
243542,7276
268119,201
1608717,3454
1718105,4670
3068891,4652
773605,3924
104284,2921
2611037,3936
111826,7379
3487583,5089
10830,4645
5985,5943
25270,4643
37905,4642
3387215,3413
980837,1991
39710,4640
4560743,1854
59565,4639
1062761,2974
300237,4181
2660203,6400
83391,4637
1242989,2046
138985,4636
407407,5176
70395,4633
2750321,2677
22386,6673
98553,4631
202612,190
2586485,6221
6006,7460
489335,6460
164255,4630
17769851,2485
258115,4627
61370,4624
92055,4623
137085,6960
30590,7373
341887,3102
128877,4621
1185665,6849
14210,5468
337535,4617
14212,6152
239343,4614
398905,4613
96135,7314
83030,4609
87945,6668
382858,6494
3487627,1859
124545,4608
174363,4606
751502,3914
290605,4605
273999,4603
1922961,3872
456665,4602
145299,6984
539695,4598
14229,2360
2242454,3433
1377,149
282302,4595
391065,4119
161690,6901
1849243,5188
988057,4592
2275229,1920
907166,6283
6322079,4278
1552661,4591
1834963,4590
6050,3237
104690,4588
30628,6082
7465157,3576
219849,4585
366415,4584
575795,4581
3299179,1955
680485,4577
268203,2961
12179993,3552
533919,4573
889865,4572
260015,7350
12177,2343
3159985,6690
2313649,4569
481574,4568
14260,6079
235445,2795
1242201,4488
7534519,2855
3130231,4563
67146,4561
96186,6589
111910,4560
6076,3284
167865,4559
156674,4558
235011,4557
391685,4556
1447873,1921
63426,3981
1554371,7042
615505,4553
874437,4347
436449,4550
727415,4549
570741,4545
951235,4544
1791946,1665
14283,303
30668,6007
1734605,2751
71630,7295
7139269,3902
772179,4539
120785,5457
47058,7142
1341395,1865
1820523,2521
1036849,2142
628694,3519
1622695,4531
11137363,4013
6674393,4265
38874,7177
997339,2040
47068,2597
7464397,4526
5481,2371
63455,2222
133570,4524
12023777,52
2062306,3829
200355,4523
437255,3970
620517,1923
280497,4521
1275879,3482
467495,4520
24033257,2494
22506,5221
1497067,4575
734635,4517
6125,296
347282,4515
868205,4513
1215487,4512
454138,4510
14322,7214
759795,1739
71668,5993
710645,2872
325622,4474
1135345,4508
1589483,4507
2497759,4506
6138,5878
1536055,4502
5222587,4498
33388541,204
254541,7122
3651583,4879
2711471,4494
6585001,4491
448514,6840
30693379,2482
828134,4489
1685509,4565
6150,5580
71687,2251
2898469,4486
768009,3738
4554737,4485
112651,3221
5382871,4484
7039139,4483
260110,3729
1988623,2541
9523541,4482
12007943,4481
88806,4480
194579,3058
148010,4479
47125,2303
96278,4412
235543,5472
310821,4476
112665,6878
71706,6952
518035,4475
814055,4472
1566,2373
962065,4468
317471,5423
754851,4464
2816033,2671
47138,5399
9230371,2527
150590,3760
4446245,2509
30758,2134
14375,135
3271021,4460
3545129,1789
1702115,4457
3864619,2549
6188,6167
8992813,2854
47150,5559
47151,3196
1489411,4140
1287687,4451
38962,5267
7903283,4665
5579977,4447
1087541,6939
7296893,4446
6387767,2757
9872267,4445
4864057,3711
2294155,4442
6903867,2477
5964803,4439
2738185,4433
63550,5544
7119281,4430
9309829,4429
292929,6867
235586,4910
145475,2992
16976747,4426
17102917,2605
15870,4425
325703,3121
55545,4422
804837,1866
3915,2372
9732047,3794
68770,4414
8804429,207
103155,4413
15759439,194
240695,4410
964689,6406
22610,7427
2562131,6560
378235,4407
10991701,1693
244559,2226
36321367,1624
6232,2406
194649,7132
125902,4402
129115,5429
314755,4400
751709,2977
14430,7002
702559,2057
197846,4399
296769,4398
494615,4397
1325155,6834
692461,4396
170085,7249
350727,4394
243815,5213
818363,4392
1285999,4391
150765,4388
3078251,66
47212,6034
5851069,6241
221122,4384
17201263,6231
331683,4383
841841,4186
1316978,1731
88179,7415
552805,4382
653429,2053
773927,4381
261326,4380
391989,4379
16414841,1764
653315,4378
19060859,3427
914641,4377
1437293,4376
6270,7443
211071,4386
1879537,4371
153729,5847
230115,4367
536935,4364
929798,6482
2357381,2084
497798,3862
30855,5293
997165,4357
1760213,4136
782391,4353
604299,2015
1825579,4351
3545229,3358
170126,5170
2250895,1892
5059195,6235
71825,3189
582958,4348
39875,2304
6292,3256
2040353,4345
1497238,3799
3206269,4344
3789227,4343
4955143,4342
573965,4336
243867,2091
1065935,4329
1374365,6885
178334,1995
557566,4326
1951481,4323
1390753,7057
3066613,4322
1557905,4318
3427391,4316
1218725,2569
4050553,4315
5511335,1760
6182423,4308
2398377,6213
12488149,3462
117438,4305
195730,4304
293595,4303
411033,4301
685055,4300
645909,4298
149891,2242
243890,1872
1988787,6271
6324,6091
763347,4294
1272245,4293
473271,1983
1781143,4292
833721,3677
2798939,4291
3004603,4449
2329187,4287
2250941,6404
325822,3742
3660151,4286
4325633,4285
754377,4138
702658,3504
1115661,4283
22724,6131
2930885,4023
4834531,4279
43825351,2491
4090757,4280
2603209,4281
1349834,3666
1005771,6318
6348,3017
923853,6261
1135234,4277
841935,3598
1702851,4276
7379021,4272
55506,4201
11630839,3361
30932,6047
3033815,4267
7887919,4264
596183,223
11528497,4262
432345,6312
15878603,1747
1153243,7223
1612682,3624
4511965,1826
216890,4259
13957343,2515
303646,4257
7829729,2930
63714,6348
24877283,4206
759115,4255
477158,4254
1000195,3520
6375,2324
1127253,3913
1063145,1967
1409785,4248
5454059,6805
6380,6125
219373,3217
737426,4245
3381487,1971
1106139,4244
25983217,1634
1530098,6685
2580991,4242
4055843,4241
2644213,2551
4793269,4240
350455,7156
824182,4239
30969,2347
14586,7449
47355,6675
6396,6014
2185469,7056
2884637,4236
4533001,4235
5357183,4234
2488577,6484
7005547,4233
1257962,4232
2459303,3501
4402867,4229
620806,3935
973063,4732
10692677,4226
3569929,4529
1344718,4224
4706513,4221
74958,3975
14088461,2525
80142,4525
11430103,4218
1604986,4215
2407479,4214
7795229,4088
47765779,1678
10432409,4210
13642381,4209
15247367,4208
23272297,4207
88305,4202
1210547,2103
284954,2043
1964315,7011
3578455,4055
323785,4196
964894,1672
15145247,1708
65598,4195
121121,2194
85782,4185
9828643,6204
47396,3150
342309,5118
14630,7441
5634343,3806
214455,4183
3537193,5097
55594,4638
424235,7121
471801,4178
358701,7051
786335,4177
1100869,4176
557583,4174
929305,4173
1310278,4019
1431859,7147
2044471,4171
159790,4169
1136863,2772
559265,4165
351538,4164
3881273,1907
527307,4163
71995,5290
6460,6154
1612093,7093
55614,7136
415454,4160
623181,4159
719169,6755
1038635,4158
940355,6905
2284997,4156
814929,4154
186694,2056
3728153,4107
1901501,4152
8272201,3356
2988073,4151
3946827,2609
116058,4149
193430,4148
186702,4085
8026447,3586
290145,4147
162129,2064
270802,4146
891219,3641
96596,5978
1014101,3109
677005,4144
425546,4143
638319,4142
1063865,4141
858458,4452
502918,4139
88412,2823
7453021,2006
743774,4284
1259871,3907
1257295,4137
7289185,3773
170338,1936
2193763,4355
2766049,4135
657662,4134
986493,4133
1644155,4132
2301817,4131
579945,3487
3617141,4130
104811,5419
735034,4128
19224941,6230
711022,6487
334191,6627
1102551,4127
1837585,4126
2572619,4125
4042687,4124
4777721,4123
6247789,4122
156426,4121
10631543,3832
260710,4120
186745,2125
121210,7125
364994,4118
547491,4117
88445,3059
573562,4115
907647,3734
860343,4114
2007467,4112
677846,4111
2873731,6416
1016769,4110
1694615,4109
2372461,4108
1358215,4153
886414,4106
3529097,6811
1329621,4105
72075,2807
2216035,4104
506253,4362
40783879,192
3102449,4103
4875277,4102
5323153,5087
2469901,1908
80275,3188
990698,4100
581647,2176
1486047,4099
3234199,3020
6107155,1750
42277273,3766
3467443,4097
7166363,1896
22940,6028
39325,3234
6439537,4095
9828767,1832
8420933,4094
3414433,3931
80290,6795
866723,5230
14756,6089
1399205,68
1798899,4092
8059303,2618
2056223,221
72105,7369
2998165,4091
1104299,1981
63916,2923
3168685,3449
194990,6776
4197431,4090
6595963,4089
4012465,4213
10193761,4087
11393027,4086
194996,2591
3774901,7035
800513,2792
435953,2205
26169397,48
453747,6445
729147,2862
6027707,1723
653457,4081
131138,7283
121278,6533
1423807,2552
3387461,6256
22977,2349
555458,2764
203203,5460
697697,6645
203205,7109
14790,7326
809042,4075
1213563,4074
29282,118
4755549,1646
285131,2981
4449731,4071
440781,4518
22990,5284
383439,3946
676286,3720
340054,6537
1448402,2632
268755,6572
6612,6114
2234837,4726
303195,6531
293335,4804
8618077,6267
563673,7048
1773669,4063
196707,7282
14812,3015
154077,7263
35805,7212
9099743,2647
9640535,3333
6503453,4060
1638505,1799
35609059,27
7685899,4059
1431382,4057
6630,7453
2121843,57
2147073,4056
506345,6912
129514,4198
5009837,4054
7872601,4053
1554925,2567
9303983,4052
113135,2191
12166747,4051
539121,3958
440818,3706
13598129,4050
55796,6033
4585973,4016
1186294,6278
10754551,195
2893881,4048
154105,5393
6650,5724
10610897,4045
16530,7306
2293907,1798
12540151,4044
817663,5312
18327913,4042
6109697,6388
22186421,4041
4012547,3416
790685,6513
12999173,3355
866822,3814
21985799,1635
381951,2700
724101,4036
367114,5095
1206835,4035
758582,4034
6669,2382
11731109,1823
104975,5711
17850539,1617
4569617,7014
1896455,4032
301587,6955
2241265,4028
39445,2246
15068197,4005
7229981,3470
1172354,4025
424473,6529
27775163,1625
14875,2323
1758531,4024
793117,256
31262,5466
7620301,4020
733381,2169
10657993,1838
260642,82
1301027,4172
13496749,3332
5306917,1666
393421,2215
27974183,1819
10405103,1940
211497,7309
703018,7019
90321,7387
7206529,4015
20691,3243
8516807,4014
11950639,4225
1586126,4012
4143665,3444
121394,7258
2379189,4011
3965315,4010
274659,6545
5551441,4009
203319,5766
8723693,4008
3604711,198
178746,1807
10309819,4007
13482071,4006
4567277,3496
352495,7308
2137822,4004
164082,6497
6298177,4703
3206733,4003
7482377,4001
106743,7381
129605,2982
260678,4694
13895843,3999
6728,314
4347,2378
2023678,6237
18171487,3998
14924,6012
1751629,4790
2551594,3995
3827391,3994
6378985,3993
80465,5280
14033767,3991
1137235,7026
49419,3144
23125,132
16585361,3990
1514071,3097
41230,7179
162393,6964
64090,7315
555611,5443
4375,140
3349085,3803
29343331,3987
5069407,2629
39549707,3986
1956449,5158
96866,6985
8477283,21
67270,3983
3693157,251
23142,7305
100905,3982
61731,237
416361,5148
129642,6449
116870,7079
9176,2413
7395949,4220
4423979,6689
776815,6940
2068781,6903
124930,3974
178802,2962
11516531,3405
55924,5981
174902,3972
186998,4522
8329847,4649
1565011,2560
399993,7119
270655,6963
214291,2179
64124,5994
98022,3965
540995,6538
100719,3075
1406095,1948
572033,7346
6786,5903
343077,3961
39556,6070
31365,5789
25690723,3383
139601,2221
1257949,3956
424762,3955
17437013,1643
637143,3954
31372,6077
424589,110
1486667,3952
90459,3000
2336191,3951
109554,3950
255626,3947
639065,3945
23188,6088
5316979,63
712101,3939
10506613,2726
6808,2415
1088153,2968
850586,3483
2316955,1850
15004,3251
55965,6671
64158,4745
1735327,1980
1186835,3938
39585,7333
506530,1740
31395,7402
6820,6097
23205,7450
72358,5264
15015,1607
931209,3934
12999337,1813
252586,4815
744107,4952
2172821,3932
32103,2338
12005773,41
6831,2377
4035239,3930
20607379,1642
7780091,54
498355,6646
15028,3156
61845,7178
39606,6608
627095,6569
309442,3926
464163,3925
5513629,6716
3316411,3883
47804,6045
17218237,3785
8610,1609
1243839,1857
268345,6655
326337,5192
105154,5377
3816131,2749
137924,2919
104553157,11
352682,6583
1694407,4686
16820,2928
6159049,3881
563914,4250
39627,5833
2630257,3911
604877,4817
400078,3522
29579983,3549
4884763,3909
2292433,6575
4602578,2478
250305,6343
20930,7403
5487317,1880
195286,6868
9001687,3874
6468037,1943
957145,6492
31450,5615
2890459,6519
2939699,3905
4152029,6275
4619527,3904
1039071,3702
5459441,3903
293601,6461
514786,4540
408291,4578
278690,3900
390166,3898
129766,7133
711399,6850
585249,3897
66010,6607
285418,6843
23275,3265
23276,3014
1678061,6753
113390,7250
252655,2114
13955549,1885
3332849,2072
975415,3896
14686963,1765
2589151,85
228085,5241
97014,6902
80631,3141
3665441,2952
88825,5712
2132123,6556
39675,2994
724594,3891
596733,1976
613118,3895
70122,7080
1086891,3890
17529601,3823
203522,2885
269059,3122
6916,6157
88837,120
1811485,3889
2536079,3888
10010,7459
252681,7164
90610,6653
949003,2160
26694131,1690
3095309,3712
242165,6983
5135119,2667
2368865,3884
947807,2889
162578,2092
10578533,3386
2647555,3878
15125,295
1151495,7094
2079511,2678
6883643,3875
46690,7269
23322,5050
1563419,2870
8721,2381
504339,7063
580382,6735
3204935,3871
4486909,3870
1063713,1737
1325858,6272
1284899,5092
21000733,2484
5143333,2649
555814,3678
514855,5162
1034195,1922
1852257,3593
238119,7247
12041003,3435
594473,246
41514,6988
176505,3542
31965743,1753
1244495,3860
973617,4532
670514,6319
6675251,2518
244783,3113
72501,2130
1955635,3857
2737889,3856
924482,3855
1386723,3854
170810,7054
899899,7071
2311205,3853
785213,4831
34758037,3381
6975,3295
22135361,1706
3005249,1913
318274,6911
1813407,3849
25911877,6186
9968453,3788
121670,1938
5825095,1711
11473481,59
416585,5017
23370,6644
1162059,4496
4678223,2548
5142179,3465
531278,6428
23375,2322
90706,7174
6993,2354
1039186,6476
2956115,4062
2593367,6744
138069,2999
15190,5440
195415,5273
20755039,1820
600117,3521
9536099,1839
236379,7289
8782579,3839
31581,3241
148074,6825
4089055,3835
5724677,3834
1776481,1957
4880485,3615
561782,6439
595515,3679
15538409,3830
56166,6933
6224743,2508
860795,6612
408425,2803
10232447,218
3093459,3828
9659011,2735
5155765,3827
228206,5119
13404989,3824
463505,6619
60226417,1677
565915,6897
210826,3758
551614,3817
277365,3539
236406,3820
1379035,3815
48677533,180
4479865,1663
5436299,2639
4041005,2729
1536639,3809
629629,6973
7038,5920
2561065,3808
70315,2212
3585491,3807
2009451,3804
375683,5347
86710,7260
5034679,197
542938,6819
107198,7168
74431,121
1350537,1893
88970,6467
310155,7032
493493,7307
5097301,1848
14537411,1683
99015,6606
14209739,6238
203665,4416
1812446,3792
859027,2111
15252,5984
6343561,3789
14391,2342
97175,3187
11780899,3787
3390361,4349
5713145,3782
7998403,3781
23452,6011
1028859,6730
146334,1873
14854177,3779
19424693,3778
97185,7175
21709951,3777
365313,7275
7152655,3350
1670053,4251
31654,5495
18951881,3770
8970,7405
89001,5850
605098,3735
2767787,4461
7084,6145
527065,3756
430882,7221
3275695,4017
391534,3749
842673,6438
465842,6564
270215,2063
483575,2900
457653,6758
99127,281
7650231,1619
324415,7131
2866105,3417
7098,5084
768955,5102
99138,6459
7068605,2498
1110854,6392
637887,1968
107338,6657
2857921,4749
3328039,3731
2792387,2073
1356277,3023
390165,3728
48070,7370
332630,6712
36115589,1688
56265,5219
154570,6542
572242,3724
858363,3723
2718669,3791
39886,5402
1891279,3031
185185,6993
2644945,4068
1014429,3719
64467,5890
80852,5987
7125,2319
15318,5824
1326561,3714
828269,98
39897,5872
2710981,1794
840565,7062
7082873,6234
1178589,7012
293854,4519
661227,3705
762755,6757
2571233,4661
179170,6573
295815,6337
172938,6314
1162213,255
375782,7049
228327,5174
2424499,3700
1907689,4676
177045,6875
140182,7158
7292219,6268
2046655,3697
7150,5738
6658769,2765
5888069,3690
15345,5877
46002,6660
16782571,3567
771001,7152
564213,6906
359414,3959
7777289,3683
267197,2208
580601,3117
10170301,3682
1708993,6938
23548,2927
14877,2367
147175,2905
670719,3506
127946,6959
1450955,6733
31746,6998
64515,7389
873422,3675
1121285,6838
50078671,191
4373511,3774
2183555,3673
2612233,2074
3314645,6270
687115,3967
250838,6571
2915341,6832
318478,4794
1924111,6884
2024751,3665
2268177,1836
1519341,1791
408595,7347
21175,3235
7424087,3662
72726,7126
1508638,3660
7192,2423
1958887,67
2262957,3659
8297509,3656
154652,2592
7715869,1759
12823423,3654
1826246,3653
2739369,3652
474145,7106
4565615,3651
7203,129
7517179,2648
457765,6544
416806,6579
39975,5573
1676285,6317
80937,3001
15523091,3647
23595,5299
41990,7418
27671597,3558
48174,6796
9411631,2844
424390,3644
531505,4953
636585,3643
13990963,1636
7220,3093
1195061,211
2937874,1705
1465399,2102
541717,108
310329,2908
594146,3642
64379963,1676
25625,131
623645,7243
1485365,3640
933658,3639
2673539,2859
179265,6950
5651522,22
121923,5854
15428,6112
1834053,6218
277574,5149
4103239,4022
3861949,3632
6068777,3631
285770,3524
5596213,6211
1964515,3595
7245,5928
1242,2380
7936093,3626
13377,2262
187473,7358
7250,2307
253011,5129
7252,3283
1178709,3596
130134,4260
89175,5551
4031705,3622
359513,5445
10482433,3619
146523,3104
2597965,6474
851037,6322
203870,6845
97375,2274
13707797,3618
1952194,3617
10737067,3613
605283,6310
115797,2174
523365,6291
22844503,1682
12689261,3612
18545843,3610
3692193,3608
53165,2231
1186923,2653
8615117,3606
23383889,3602
154734,6329
785519,5334
10168,2403
515185,7278
6305431,2546
53689459,15
40052,6081
171125,288
1234838,3594
2210935,3713
3056755,6217
3087095,3592
3648385,3588
228475,5606
12987,2352
97405,5265
220286,7155
6464647,43
1119371,266
140777,3178
1152141,6502
2132902,3579
3495057,1712
5332255,3577
146566,4586
2997383,75
11730961,3575
13863863,3574
687242,4672
5635211,2017
119966,6637
1006733,4941
203918,7130
146575,5571
24528373,3565
1008805,6309
580754,7040
22365353,2604
1404455,6437
1975467,1730
195734,6462
21240983,38
11394187,3561
2636953,5143
474266,6851
31899,2232
37438043,3556
654493,3052
7326,5842
19139989,3551
22619987,3550
851105,4764
122018,3039
23715,5870
64676,6038
588965,4908
2542903,1914
212135,7297
110946,3541
466089,6941
3007693,252
10083499,4648
1176791,7061
140505,7284
218530,3534
525538,6523
2561251,6704
764855,3530
480766,3529
1023155,6408
1682681,3526
9370805,32
171462,3525
459173,2118
34034,7446
59771317,2479
48314,5459
5397691,2538
15548,3209
1571735,3517
1107197,1926
2505919,4783
138567,7412
54530,6642
4086511,3511
498883,5203
319390,3509
1416389,3098
1117865,3505
449735,6974
862025,2897
3144905,4230
109417,2238
9379019,3625
2076035,3498
2022605,4073
138446,7083
2906449,3497
1628889,3494
1137873,4033
7058519,3490
231978,3489
824619,6886
1353205,3484
425258,1969
703703,6953
764405,2949
1227993,3698
2513095,3477
113883,7318
15580,6004
1971813,3473
2688329,6500
4930783,4026
8544523,3469
8080567,3464
9549761,3463
8084707,4307
23780,5991
990437,5327
210273,7157
10050791,4058
2153437,2672
5528809,3475
8521063,6714
4775147,4659
103785,6986
23502061,1626
105710,3980
326895,6760
1893749,6610
2511,145
7410,7439
1457395,4346
2486199,3445
154869,4628
97526,5215
572663,5409
25065391,3330
507129,6430
251275,2989
441595,6788
15745927,3434
6724861,6215
537251,3101
3363681,3432
3151253,1891
1522945,6557
154882,6924
417027,4734
72964,6032
787865,7114
900358,1894
294151,2189
845215,6429
345506,6822
1873495,6302
89355,6934
40204,3011
43351309,1614
318734,4899
19551,2253
1482627,2642
320943,7066
23826,4641
1457427,2532
97556,214
23207189,1745
64790,7176
5659927,3367
4742101,3412
11648281,1773
105754,5255
10891199,3400
12871417,3399
3292445,1729
40222,5072
294175,2575
3595659,3396
400673,5391
226765,7172
3194147,7036
5992765,3395
8389871,3394
62930,7088
13184083,3393
15581189,3392
687401,5251
73002,1939
474411,6514
20375401,3391
728365,6616
22772507,3390
3022438,3389
615902,6262
1236273,4238
417074,1804
384307,5417
7556095,3387
1588533,3879
16623409,3385
292330,6412
621970,3379
932955,3378
487227,2774
35421499,1743
2176895,3375
1072445,6769
23870,7213
245055,3963
2052501,3373
3420835,3372
68590,2004
261443,2124
87598591,12
253253,5261
779779,6625
744775,200
8894171,3366
9993545,1637
4224517,6499
1711435,4077
73036,2824
3172047,3364
376142,6907
2399567,3022
5286745,3363
9649489,4271
26125,2317
884051,4812
985025,2798
3120469,5090
3536405,56
122199,4417
239134,7052
4291593,3351
2915674,3775
4003363,6252
887777,2168
15735841,3348
1072478,3455
2999847,1817
27180089,3345
1416545,6750
9018565,3342
425315,5168
48484,6075
40293,3239
46847789,2480
1711463,2076
3856214,3335
1965417,4018
2680539,6207
2219371,6305
44346461,3327
35525,3263
228718,3962
1719663,3418
17272673,1692
79458,6624
15730,5300
318835,5209
32116,6027
23925,5685
13153907,6232
3743095,3797
7544,2405
1039737,6830
89466,6787
3628411,231
7548,6055
4816253,6742
1663739,6440
187775,5595
8036,3282
13745537,3360
269698,6593
1916291,5003
882,3281
4851,3279
1727878,1771
2219399,1860
5733,3278
114057,5882
8379,3276
1334667,2840
190095,7234
16317,3272
785806,3597
2424603,2730
17729179,6188
474513,1928
97682,3105
3675,3269
13475,3268
12901781,206
53067,3060
417175,5532
28175,3264
8215961,6687
1111715,6525
2055579,1778
37975,3262
95914,7188
843657,1949
22998827,1810
5852327,1889
50875,2287
302498,6446
17875,2326
923335,6736
245157,7348
7590,7409
43105703,26
1469973,6298
18125,134
40362,3984
3055019,2760
2887221,1719
26795437,182
482734,4037
2162095,6701
312987,3027
36634033,3328
26390,7334
1255133,2141
476905,7253
11615669,6203
662966,4709
40375,2315
7436,3212
5897657,2747
32186,5282
3308987,5105
125229,2121
7605,3203
32190,6881
286143,7254
362235,6432
376257,6570
15810,7201
1973699,4247
56277,3195
933317,7117
310726,6942
7623,3246
4739311,2943
122525,3186
130975,3185
45537047,1687
91091,3179
100122,6345
190463,3176
4586959,1906
240149,3175
1400273,2561
122322,6846
171475,236
11308087,2486
409045,7075
993395,7058
339521,3172
150722,7185
313131,6783
15834,7335
1161849,1796
388531,3166
908765,6451
470327,3165
89125,2292
2494235,1882
73185,6661
3790655,1667
638435,6856
87875,2284
1621477,7237
818662,3699
943943,6590
8452891,2834
9485801,2655
56810,7364
572907,2939
28611,3146
59823,3143
5355343,6682
2242385,6724
788307,6522
219501,213
24050,5619
286195,6977
96237,3140
73205,116
89590,4780
79475,3135
93925,3134
3374585,3664
137275,3133
509795,7128
209525,3131
6315517,2528
1351166,3844
267325,3129
14404489,1650
1187329,4596
278018,4735
14466563,1876
104907,3115
613893,6409
174845,3114
548359,3053
7688,313
3022345,3848
180154,2082
2956811,7020
15884,3091
138765,4199
7571347,6198
171535,5024
383061,6857
269841,6975
2002481,3095
155155,7202
48334,2131
5258773,2865
18772,3090
1801751,4537
35742,6936
2367001,3717
6498,3083
4406811,1704
48668,226
1293853,3107
16245,3082
15903,2359
124845,6550
204321,2100
22743,3081
206770,7033
35739,3080
8707621,3800
55223,123
1277479,2888
55233,3078
351785,4385
163370,3964
27075,3071
6090,7341
335405,2685
117325,3068
25352141,1754
305102,6759
261725,3065
333925,3063
6454835,3570
9414613,2627
15925,3267
103173,2067
6290999,6251
512981,3054
1171001,95
81466,4418
911183,7148
40508,6001
1007165,2014
552575,2801
183027,3038
671099,3035
2416193,2869
696725,2800
15939,5925
849927,6751
482885,7343
7750,2299
1089095,4080
521645,3026
2324495,6480
1146442,3419
8806759,2535
13739417,2725
5389901,6295
15950,5686
501787,2171
338997,2049
456909,2034
55335,7198
23805,3005
2625,2333
29916757,2473
2197559,6421
278103,6620
165945,6925
196185,6547
7770,7007
195201,2996
12511291,1715
3825245,6683
171925,2991
5996127,1638
224825,2990
596037,7059
383525,2988
704099,267
489325,2986
2055781,6505
1121894,1845
51842,2984
440657,2979
908905,2024
171626,6596
768094,6503
1216171,2967
761453,5190
163438,7349
3997295,6212
3307837,2953
1900145,6401
458643,2950
3833459,4432
354445,6629
202895,7192
15990,6674
32375,2288
2482597,2935
2145913,3892
212602,4955
7803,305
10354117,60
14638717,184
89726,7313
990847,2078
77372,2922
506974,6767
73346,4998
52983,2916
114308,2594
174087,2911
22707,302
712327,2882
234639,2910
204425,5611
231275,2904
399475,2901
81548,6031
81549,5786
2727566,6193
2686607,6284
777925,2898
5389969,1853
453299,2893
384659,269
16267463,50
9546481,6190
48790,6662
850135,6535
146965,7414
76840601,23
73370,7266
376475,2695
391391,7376
9166493,1651
477411,6910
994903,2871
2700451,2868
24225,5714
1908386,3585
278179,112
4405999,2866
3800741,3492
760058,6403
1400487,3638
5590127,2856
1031849,7238
3339611,2848
1539755,6260
3946813,2847
6982823,2845
409262,6410
127426,2109
13791559,2833
16460893,2832
18240449,2831
245427,7076
24244,6111
523957,3118
179894,6976
43923,117
788785,1982
966329,5311
7866,5915
212667,6630
15375,2279
147033,2814
164331,2813
1629887,5361
997694,1884
712385,2041
348843,2785
65219,271
787175,2691
171717,6978
433862,6333
335559,4166
584045,6340
6510,7216
2285258,3784
4709861,2767
188108,5966
12836077,2744
106190,6347
1616402,2731
1675333,2031
1294033,2095
6608797,2737
8642273,2736
6220181,6694
564949,5225
450262,4685
843479,4977
191139,2108
3243737,1849
11905457,6358
81627,5046
3508673,6717
650275,2692
122590,6598
17596127,4261
270193,2172
57057,7431
1205113,6611
6971107,3447
20413159,1691
8560357,185
130790,6548
11173607,2526
76245,7383
2031337,6732
3997418,1639
48875,2309
1691701,2139
179949,6636
331298,2676
11484911,3838
1694173,77
1023729,3457
31213,126
941811,6423
2544971,2661
894179,2088
24310,7448
527527,7182
2471045,2641
1392377,1974
8401553,2637
1900283,6816
14332061,2635
15320479,2634
7966211,2628
8675071,61
12311417,2626
98049,5447
12664619,2617
564995,2048
6578045,2608
35691199,2612
666159,7044
9209263,2607
15231541,1655
466697,5231
30259007,2602
737035,7239
53939969,2600
3959657,6554
453871,109
760461,6766
30258,2588
75645,2587
105903,2586
347967,2581
9722453,6245
589589,7162
16150,5715
3124979,2540
8145839,6365
15060079,2524
1695514,6357
139035,7134
3034205,2520
581405,2784
22453117,2512
122655,6980
11647649,173
4767521,2776
57122,106
417571,5236
15117233,2505
18009,2366
199342,6648
1231599,6418
26860699,2493
1428163,2150
289478,7031
1982251,232
37155143,2481
1769261,3032
114478,6979
466735,2054
43724491,2471
1507121,4296
7986,2203
40755,7433
3944,2434
3779309,74
16182,5853
2170679,4714
465682,6710
256795,7262
384826,4470
8740667,4219
10179,2369
25788221,2503
24273,2357
630591,6891
4995,2355
28971,2348
1400642,6364
466755,4083
65348,2825
417605,92
7749,2344
1957703,4570
25461,2339
32585,2252
89930,4404
597835,7050
376805,7183
2481997,187
31570,6676
3250,2329
27625,2321
450385,2080
73554,6599
335699,5427
5750,2314
1245013,6893
1253206,6370
319319,5240
31625,2311
37375,2310
912247,79
28998521,47
50375,2295
73625,2293
121737,7193
56202,7286
106375,2283
31367009,1600
2460563,7016
4890467,1962
57188,2924
56375,2277
221030,3928
1113959,6908
199578,6713
139113,5768
81770,6981
1859435,4282
29155,2257
442221,7240
64141,2256
3735407,2768
15778,2248
40817,125
49010,5028
134113,2243
19894,2241
425845,1934
169099,2236
188993,2235
228781,2234
6201209,3407
138229,2229
180761,2228
8060,6094
229245,7068
958334,6375
7854,7456
407827,2206
163713,2147
311170,4084
81795,6641
1344005,7022
24453,5936
288827,2164
409479,6773
666655,7118
8073,2376
81345,7320
851851,6918
49036,5995
2243643,6249
555841,2112
445991,2106
700843,2105
1859473,6425
810898,6379
1777555,6485
2800733,1603
8077205,2487
401302,6855
270231,2081
29834617,1689
49049,2260
1975103,2093
1105819,5166
8092,3158
720797,5161
294814,7241
3637151,6473
1531309,2077
2071771,2075
319345,2059
6043687,6477
761515,2033
171941,3219
49062,6982
646323,7220
273615,6859
445835,1993
14535931,1601
498945,6711
82082,6667
81158,7194
16302,7435
966575,2570
397822,1977
1556401,6524
507566,1960
171955,2066
761349,1959
49077,5783
8118,5797
4505527,6826
785726,7013
556985,6626
516026,6382
1433531,78
814407,6818
8125,138
413678,1924
122815,5244
309111,7279
458689,5381
40898,3171
1490883,6397
32708,6051
1272271,6450
3035517,6236
205205,6665
134589,7312
122825,248
32538,7322
155595,6603
8140,6061
9478093,1877
368590,6384
3350479,6555
14365121,1830
2506195,6718
4091349,6192
327635,6928
17145467,1821
2678741,4755
30998419,1809
5107219,7008
11231207,1766
73689,5245
282162,6229
1924814,1720
1671549,1734
6875,139
352222,7101
73695,2069
8155133,1710
499681,4832
221154,6385
131043,3049
24548,3089
196581,6929
49126,5246
3866599,7015
16158307,1701
27909803,1698
49130,2070
843755,4361
147436,5976
413526,1675
131054,6930
2412235,1670
17546899,39
8339441,174
2618998,1654
4821877,72
79052387,1610
1056757,96
130758,6762
1003255,6853
315146,7116
12713977,4647
5336929,6414
937802,6804
13566,7428
32718,6643
1097679,6706
40959,2336
